  1 |1   0   0   0   4   4   4   4   4   0   0   0   1   
  2 |0   0   0   0   0   0   4   0   0   0   0   0   0   
  3 |0   0   0   0   0   0   0   0   0   0   0   0   0   
  4 |0   0   0   0   0   0   2   0   0   0   0   0   0   
  5 |4   0   0   0   0   0   2   0   0   0   0   0   4   
  6 |4   0   0   0   0   0   2   0   0   0   0   0   4   
  7 |4   4   0   2   2   2   5   2   2   0   0   4   2   
  8 |4   0   0   0   0   0   2   0   0   0   0   0   4   
  9 |4   0   0   0   0   0   2   0   0   0   0   0   4   
 10 |0   0   0   0   0   0   2   0   0   0   0   0   0   
 11 |0   0   0   0   0   0   0   0   0   0   0   0   0   
 12 |0   0   0   0   0   0   4   0   0   0   0   0   0   
 13 |1   0   0   0   4   4   4   4   4   0   0   0   1   
_______________________________________________________
     A   B   C   D   E   F   G   H   I   J   K   L   M
 
 
  1 |1   0   0   0   4   4   4   4   4   0   0   0   1   
  2 |0   0   0   0   0   0   4   0   0   0   0   0   0   
  3 |0   0   0   0   0   0   0   0   0   0   0   0   0   
  4 |0   0   0   0   0   0   2   0   0   0   0   0   0   
  5 |4   0   0   0   0   0   2   0   0   0   0   0   4   
  6 |4   0   0   0   0   0   2   0   0   0   0   0   4   
  7 |4   4   0   2   2   2   5   2   2   0   0   2   4   
  8 |4   0   0   0   0   0   2   0   0   0   0   0   4   
  9 |4   0   0   0   0   0   2   0   0   0   0   0   4   
 10 |0   0   0   0   0   0   2   0   0   0   0   0   0   
 11 |0   0   0   0   0   0   0   0   0   0   0   0   0   
 12 |0   0   0   0   0   0   4   0   0   0   0   0   0   
 13 |1   0   0   0   4   4   4   4   4   0   0   0   1   
_____________________________________________ 
     A   B   C   D   E   F   G   H   I   J   K   L   M
 
 
  1 |1   0   0   0   4   4   4   4   4   0   0   0   1   
  2 |0   0   0   0   0   0   4   0   0   0   0   0   0   
  3 |0   0   0   0   0   0   0   0   0   0   0   0   0   
  4 |0   0   0   0   0   0   2   0   0   0   0   0   0   
  5 |4   0   0   0   0   0   2   0   0   0   0   0   4   
  6 |4   0   0   0   0   0   2   0   0   0   0   0   4   
  7 |4   4   0   2   2   2   5   2   2   0   2   4   4   
  8 |4   0   0   0   0   0   2   0   0   0   0   0   4   
  9 |4   0   0   0   0   0   2   0   0   0   0   0   4   
 10 |0   0   0   0   0   0   2   0   0   0   0   0   0   
 11 |0   0   0   0   0   0   0   0   0   0   0   0   0   
 12 |0   0   0   0   0   0   4   0   0   0   0   0   0   
 13 |1   0   0   0   4   4   4   4   4   0   0   0   1   
_____________________________________________ 
     A   B   C   D   E   F   G   H   I   J   K   L   M
 
 
  1 |1   0   0   0   4   4   4   4   4   0   0   0   1   
  2 |0   0   0   0   0   0   4   0   0   0   0   0   0   
  3 |0   0   0   0   0   0   0   0   0   0   0   0   0   
  4 |0   0   0   0   0   0   2   0   0   0   0   0   0   
  5 |4   0   0   0   0   0   2   0   0   0   0   0   4   
  6 |4   0   0   0   0   0   2   0   0   0   0   0   4   
  7 |4   4   0   2   2   2   5   2   2   2   0   4   4   
  8 |4   0   0   0   0   0   2   0   0   0   0   0   4   
  9 |4   0   0   0   0   0   2   0   0   0   0   0   4   
 10 |0   0   0   0   0   0   2   0   0   0   0   0   0   
 11 |0   0   0   0   0   0   0   0   0   0   0   0   0   
 12 |0   0   0   0   0   0   4   0   0   0   0   0   0   
 13 |1   0   0   0   4   4   4   4   4   0   0   0   1   
_____________________________________________ 
     A   B   C   D   E   F   G   H   I   J   K   L   M
 
 
  1 |1   0   0   0   4   4   4   4   4   0   0   0   1   
  2 |0   0   0   0   0   0   4   0   0   0   0   0   0   
  3 |0   0   0   0   0   0   0   0   0   0   0   0   0   
  4 |0   0   0   0   0   0   2   0   0   0   0   0   0   
  5 |4   0   0   0   0   0   2   0   0   0   0   0   4   
  6 |4   0   0   0   0   0   2   0   0   0   0   0   4   
  7 |4   4   0   2   2   2   5   2   2   0   0   4   4   
  8 |4   0   0   0   0   0   2   0   0   0   0   0   4   
  9 |4   0   0   0   0   0   2   0   0   0   0   0   4   
 10 |0   0   0   0   0   0   2   0   0   0   0   0   0   
 11 |0   0   0   0   0   0   0   0   0   0   0   0   0   
 12 |0   0   0   0   0   0   4   0   0   0   0   0   0   
 13 |1   0   0   0   4   4   4   4   4   0   0   0   1   
_____________________________________________ 
     A   B   C   D   E   F   G   H   I   J   K   L   M
 
 
  1 |1   0   0   0   4   4   4   4   4   0   0   0   1   
  2 |0   0   0   0   0   0   4   0   0   0   0   0   0   
  3 |0   0   0   0   0   0   0   0   0   0   0   0   0   
  4 |0   0   0   0   0   0   2   0   0   0   0   0   0   
  5 |4   0   0   0   0   0   2   0   0   0   0   0   4   
  6 |4   0   0   0   0   0   2   0   0   0   0   0   4   
  7 |4   4   0   2   2   2   5   2   2   0   0   4   4   
  8 |4   0   0   0   0   0   2   0   0   0   0   0   4   
  9 |4   0   0   0   0   0   2   0   0   0   0   0   4   
 10 |0   0   0   0   0   0   2   0   0   0   0   0   0   
 11 |0   0   0   0   0   0   0   0   0   0   0   0   0   
 12 |0   0   0   0   0   0   4   0   0   0   0   0   0   
 13 |1   0   0   0   4   4   4   4   4   0   0   0   1   
_____________________________________________ 
     A   B   C   D   E   F   G   H   I   J   K   L   M
 
 
  1 |1   0   0   0   4   4   4   4   4   0   0   0   1   
  2 |0   0   0   0   0   0   4   0   0   0   0   0   0   
  3 |0   0   0   0   0   0   0   0   0   0   0   0   0   
  4 |0   0   0   0   0   0   2   0   0   0   0   0   0   
  5 |4   0   0   0   0   0   2   0   0   0   0   0   4   
  6 |4   0   0   0   0   0   2   0   0   0   0   0   4   
  7 |4   4   0   2   2   2   5   2   2   0   0   4   4   
  8 |4   0   0   0   0   0   2   0   0   0   0   0   4   
  9 |4   0   0   0   0   0   2   0   0   0   0   0   4   
 10 |0   0   0   0   0   0   2   0   0   0   0   0   0   
 11 |0   0   0   0   0   0   0   0   0   0   0   0   0   
 12 |0   0   0   0   0   0   4   0   0   0   0   0   0   
 13 |1   0   0   0   4   4   4   4   4   0   0   0   1   
_____________________________________________ 
     A   B   C   D   E   F   G   H   I   J   K   L   M
 
 
  1 |1   0   0   0   4   4   4   4   4   0   0   0   1   
  2 |0   0   0   0   0   0   4   0   0   0   0   0   0   
  3 |0   0   0   0   0   0   0   0   0   0   0   0   0   
  4 |0   0   0   0   0   0   2   0   0   0   0   0   0   
  5 |4   0   0   0   0   0   2   0   0   0   0   0   4   
  6 |4   0   0   0   0   0   2   0   0   0   0   0   4   
  7 |4   4   0   2   2   2   5   2   2   0   0   2   4   
  8 |4   0   0   0   0   0   2   0   0   0   0   0   4   
  9 |4   0   0   0   0   0   2   0   0   0   0   0   4   
 10 |0   0   0   0   0   0   2   0   0   0   0   0   0   
 11 |0   0   0   0   0   0   0   0   0   0   0   0   0   
 12 |0   0   0   0   0   0   4   0   0   0   0   0   0   
 13 |1   0   0   0   4   4   4   4   4   0   0   0   1   
_____________________________________________ 
     A   B   C   D   E   F   G   H   I   J   K   L   M
 
 
  1 |1   0   0   0   4   4   4   4   4   0   0   0   1   
  2 |0   0   0   0   0   0   4   0   0   0   0   0   0   
  3 |0   0   0   0   0   0   0   0   0   0   0   0   0   
  4 |0   0   0   0   0   0   2   0   0   0   0   0   0   
  5 |4   0   0   0   0   0   2   0   0   0   0   0   4   
  6 |4   0   0   0   0   0   2   0   0   0   0   0   4   
  7 |4   4   0   2   2   2   5   2   2   0   2   4   4   
  8 |4   0   0   0   0   0   2   0   0   0   0   0   4   
  9 |4   0   0   0   0   0   2   0   0   0   0   0   4   
 10 |0   0   0   0   0   0   2   0   0   0   0   0   0   
 11 |0   0   0   0   0   0   0   0   0   0   0   0   0   
 12 |0   0   0   0   0   0   4   0   0   0   0   0   0   
 13 |1   0   0   0   4   4   4   4   4   0   0   0   1   
_____________________________________________ 
     A   B   C   D   E   F   G   H   I   J   K   L   M
 
 
  1 |1   0   0   0   4   4   4   4   4   0   0   0   1   
  2 |0   0   0   0   0   0   4   0   0   0   0   0   0   
  3 |0   0   0   0   0   0   0   0   0   0   0   0   0   
  4 |0   0   0   0   0   0   2   0   0   0   0   0   0   
  5 |4   0   0   0   0   0   2   0   0   0   0   0   4   
  6 |4   0   0   0   0   0   2   0   0   0   0   0   4   
  7 |4   4   0   2   2   2   5   2   2   0   0   4   4   
  8 |4   0   0   0   0   0   2   0   0   0   0   0   4   
  9 |4   0   0   0   0   0   2   0   0   0   0   0   4   
 10 |0   0   0   0   0   0   2   0   0   0   0   0   0   
 11 |0   0   0   0   0   0   0   0   0   0   0   0   0   
 12 |0   0   0   0   0   0   4   0   0   0   0   0   0   
 13 |1   0   0   0   4   4   4   4   4   0   0   0   1   
_____________________________________________ 
     A   B   C   D   E   F   G   H   I   J   K   L   M
 
 
  1 |1   0   0   0   4   4   4   4   4   0   0   0   1   
  2 |0   0   0   0   0   0   4   0   0   0   0   0   0   
  3 |0   0   0   0   0   0   0   0   0   0   0   0   0   
  4 |0   0   0   0   0   0   2   0   0   0   0   0   0   
  5 |4   0   0   0   0   0   2   0   0   0   0   0   4   
  6 |4   0   0   0   0   0   2   0   0   0   0   0   4   
  7 |4   4   0   2   2   2   5   2   0   2   0   4   2   
  8 |4   0   0   0   0   0   2   0   0   0   0   0   4   
  9 |4   0   0   0   0   0   2   0   0   0   0   0   4   
 10 |0   0   0   0   0   0   2   0   0   0   0   0   0   
 11 |0   0   0   0   0   0   0   0   0   0   0   0   0   
 12 |0   0   0   0   0   0   4   0   0   0   0   0   0   
 13 |1   0   0   0   4   4   4   4   4   0   0   0   1   
_____________________________________________ 
     A   B   C   D   E   F   G   H   I   J   K   L   M
 
 
  1 |1   0   0   0   4   4   4   4   4   0   0   0   1   
  2 |0   0   0   0   0   0   4   0   0   0   0   0   0   
  3 |0   0   0   0   0   0   0   0   0   0   0   0   0   
  4 |0   0   0   0   0   0   2   0   0   0   0   0   0   
  5 |4   0   0   0   0   0   2   0   0   0   0   0   4   
  6 |4   0   0   0   0   0   2   0   0   0   0   0   4   
  7 |4   4   0   2   2   2   5   2   0   2   0   2   4   
  8 |4   0   0   0   0   0   2   0   0   0   0   0   4   
  9 |4   0   0   0   0   0   2   0   0   0   0   0   4   
 10 |0   0   0   0   0   0   2   0   0   0   0   0   0   
 11 |0   0   0   0   0   0   0   0   0   0   0   0   0   
 12 |0   0   0   0   0   0   4   0   0   0   0   0   0   
 13 |1   0   0   0   4   4   4   4   4   0   0   0   1   
_____________________________________________ 
     A   B   C   D   E   F   G   H   I   J   K   L   M
 
 
  1 |1   0   0   0   4   4   4   4   4   0   0   0   1   
  2 |0   0   0   0   0   0   4   0   0   0   0   0   0   
  3 |0   0   0   0   0   0   0   0   0   0   0   0   0   
  4 |0   0   0   0   0   0   2   0   0   0   0   0   0   
  5 |4   0   0   0   0   0   2   0   0   0   0   0   4   
  6 |4   0   0   0   0   0   2   0   0   0   0   0   4   
  7 |4   4   0   2   2   2   5   2   0   2   2   4   4   
  8 |4   0   0   0   0   0   2   0   0   0   0   0   4   
  9 |4   0   0   0   0   0   2   0   0   0   0   0   4   
 10 |0   0   0   0   0   0   2   0   0   0   0   0   0   
 11 |0   0   0   0   0   0   0   0   0   0   0   0   0   
 12 |0   0   0   0   0   0   4   0   0   0   0   0   0   
 13 |1   0   0   0   4   4   4   4   4   0   0   0   1   
_____________________________________________ 
     A   B   C   D   E   F   G   H   I   J   K   L   M
 
 
  1 |1   0   0   0   4   4   4   4   4   0   0   0   1   
  2 |0   0   0   0   0   0   4   0   0   0   0   0   0   
  3 |0   0   0   0   0   0   0   0   0   0   0   0   0   
  4 |0   0   0   0   0   0   2   0   0   0   0   0   0   
  5 |4   0   0   0   0   0   2   0   0   0   0   0   4   
  6 |4   0   0   0   0   0   2   0   0   0   0   0   4   
  7 |4   4   0   2   2   2   5   2   0   2   0   4   4   
  8 |4   0   0   0   0   0   2   0   0   0   0   0   4   
  9 |4   0   0   0   0   0   2   0   0   0   0   0   4   
 10 |0   0   0   0   0   0   2   0   0   0   0   0   0   
 11 |0   0   0   0   0   0   0   0   0   0   0   0   0   
 12 |0   0   0   0   0   0   4   0   0   0   0   0   0   
 13 |1   0   0   0   4   4   4   4   4   0   0   0   1   
_____________________________________________ 
     A   B   C   D   E   F   G   H   I   J   K   L   M
 
 
  1 |1   0   0   0   4   4   4   4   4   0   0   0   1   
  2 |0   0   0   0   0   0   4   0   0   0   0   0   0   
  3 |0   0   0   0   0   0   0   0   0   0   0   0   0   
  4 |0   0   0   0   0   0   2   0   0   0   0   0   0   
  5 |4   0   0   0   0   0   2   0   0   0   0   0   4   
  6 |4   0   0   0   0   0   2   0   0   0   0   0   4   
  7 |4   4   0   2   2   2   5   2   2   2   0   4   4   
  8 |4   0   0   0   0   0   2   0   0   0   0   0   4   
  9 |4   0   0   0   0   0   2   0   0   0   0   0   4   
 10 |0   0   0   0   0   0   2   0   0   0   0   0   0   
 11 |0   0   0   0   0   0   0   0   0   0   0   0   0   
 12 |0   0   0   0   0   0   4   0   0   0   0   0   0   
 13 |1   0   0   0   4   4   4   4   4   0   0   0   1   
_____________________________________________ 
     A   B   C   D   E   F   G   H   I   J   K   L   M
 
 
  1 |1   0   0   0   4   4   4   4   4   0   0   0   1   
  2 |0   0   0   0   0   0   4   0   0   0   0   0   0   
  3 |0   0   0   0   0   0   0   0   0   0   0   0   0   
  4 |0   0   0   0   0   0   2   0   0   0   0   0   0   
  5 |4   0   0   0   0   0   2   0   0   0   0   0   4   
  6 |4   0   0   0   0   0   2   0   0   0   0   0   4   
  7 |4   4   0   2   2   2   5   2   0   2   0   4   4   
  8 |4   0   0   0   0   0   2   0   0   0   0   0   4   
  9 |4   0   0   0   0   0   2   0   0   0   0   0   4   
 10 |0   0   0   0   0   0   2   0   0   0   0   0   0   
 11 |0   0   0   0   0   0   0   0   0   0   0   0   0   
 12 |0   0   0   0   0   0   4   0   0   0   0   0   0   
 13 |1   0   0   0   4   4   4   4   4   0   0   0   1   
_____________________________________________ 
     A   B   C   D   E   F   G   H   I   J   K   L   M
 
 
  1 |1   0   0   0   4   4   4   4   4   0   0   0   1   
  2 |0   0   0   0   0   0   4   0   0   0   0   0   0   
  3 |0   0   0   0   0   0   0   0   0   0   0   0   0   
  4 |0   0   0   0   0   0   2   0   0   0   0   0   0   
  5 |4   0   0   0   0   0   2   0   0   0   0   0   4   
  6 |4   0   0   0   0   0   2   0   0   0   0   0   4   
  7 |4   4   0   2   2   2   5   2   0   2   0   4   4   
  8 |4   0   0   0   0   0   2   0   0   0   0   0   4   
  9 |4   0   0   0   0   0   2   0   0   0   0   0   4   
 10 |0   0   0   0   0   0   2   0   0   0   0   0   0   
 11 |0   0   0   0   0   0   0   0   0   0   0   0   0   
 12 |0   0   0   0   0   0   4   0   0   0   0   0   0   
 13 |1   0   0   0   4   4   4   4   4   0   0   0   1   
_____________________________________________ 
     A   B   C   D   E   F   G   H   I   J   K   L   M
 
 
  1 |1   0   0   0   4   4   4   4   4   0   0   0   1   
  2 |0   0   0   0   0   0   4   0   0   0   0   0   0   
  3 |0   0   0   0   0   0   0   0   0   0   0   0   0   
  4 |0   0   0   0   0   0   2   0   0   0   0   0   0   
  5 |4   0   0   0   0   0   2   0   0   0   0   0   4   
  6 |4   0   0   0   0   0   2   0   0   0   0   0   4   
  7 |4   4   0   2   2   2   5   2   0   2   0   4   4   
  8 |4   0   0   0   0   0   2   0   0   0   0   0   4   
  9 |4   0   0   0   0   0   2   0   0   0   0   0   4   
 10 |0   0   0   0   0   0   2   0   0   0   0   0   0   
 11 |0   0   0   0   0   0   0   0   0   0   0   0   0   
 12 |0   0   0   0   0   0   4   0   0   0   0   0   0   
 13 |1   0   0   0   4   4   4   4   4   0   0   0   1   
_____________________________________________ 
     A   B   C   D   E   F   G   H   I   J   K   L   M
 
 
  1 |1   0   0   0   4   4   4   4   4   0   0   0   1   
  2 |0   0   0   0   0   0   4   0   0   0   0   0   0   
  3 |0   0   0   0   0   0   0   0   0   0   0   0   0   
  4 |0   0   0   0   0   0   2   0   0   0   0   0   0   
  5 |4   0   0   0   0   0   2   0   0   0   0   0   4   
  6 |4   0   0   0   0   0   2   0   0   0   0   0   4   
  7 |4   4   0   2   2   2   5   2   0   2   0   4   4   
  8 |4   0   0   0   0   0   2   0   0   0   0   0   4   
  9 |4   0   0   0   0   0   2   0   0   0   0   0   4   
 10 |0   0   0   0   0   0   2   0   0   0   0   0   0   
 11 |0   0   0   0   0   0   0   0   0   0   0   0   0   
 12 |0   0   0   0   0   0   4   0   0   0   0   0   0   
 13 |1   0   0   0   4   4   4   4   4   0   0   0   1   
_____________________________________________ 
     A   B   C   D   E   F   G   H   I   J   K   L   M
 
 
  1 |1   0   0   0   4   4   4   4   4   0   0   0   1   
  2 |0   0   0   0   0   0   4   0   0   0   0   0   0   
  3 |0   0   0   0   0   0   0   0   0   0   0   0   0   
  4 |0   0   0   0   0   0   2   0   0   0   0   0   0   
  5 |4   0   0   0   0   0   2   0   0   0   0   0   4   
  6 |4   0   0   0   0   0   2   0   0   0   0   0   4   
  7 |4   4   0   2   2   2   5   0   2   2   0   4   2   
  8 |4   0   0   0   0   0   2   0   0   0   0   0   4   
  9 |4   0   0   0   0   0   2   0   0   0   0   0   4   
 10 |0   0   0   0   0   0   2   0   0   0   0   0   0   
 11 |0   0   0   0   0   0   0   0   0   0   0   0   0   
 12 |0   0   0   0   0   0   4   0   0   0   0   0   0   
 13 |1   0   0   0   4   4   4   4   4   0   0   0   1   
_____________________________________________ 
     A   B   C   D   E   F   G   H   I   J   K   L   M
 
 
  1 |1   0   0   0   4   4   4   4   4   0   0   0   1   
  2 |0   0   0   0   0   0   4   0   0   0   0   0   0   
  3 |0   0   0   0   0   0   0   0   0   0   0   0   0   
  4 |0   0   0   0   0   0   2   0   0   0   0   0   0   
  5 |4   0   0   0   0   0   2   0   0   0   0   0   4   
  6 |4   0   0   0   0   0   2   0   0   0   0   0   4   
  7 |4   4   0   2   2   2   5   0   2   2   0   2   4   
  8 |4   0   0   0   0   0   2   0   0   0   0   0   4   
  9 |4   0   0   0   0   0   2   0   0   0   0   0   4   
 10 |0   0   0   0   0   0   2   0   0   0   0   0   0   
 11 |0   0   0   0   0   0   0   0   0   0   0   0   0   
 12 |0   0   0   0   0   0   4   0   0   0   0   0   0   
 13 |1   0   0   0   4   4   4   4   4   0   0   0   1   
_____________________________________________ 
     A   B   C   D   E   F   G   H   I   J   K   L   M
 
 
  1 |1   0   0   0   4   4   4   4   4   0   0   0   1   
  2 |0   0   0   0   0   0   4   0   0   0   0   0   0   
  3 |0   0   0   0   0   0   0   0   0   0   0   0   0   
  4 |0   0   0   0   0   0   2   0   0   0   0   0   0   
  5 |4   0   0   0   0   0   2   0   0   0   0   0   4   
  6 |4   0   0   0   0   0   2   0   0   0   0   0   4   
  7 |4   4   0   2   2   2   5   0   2   2   2   4   4   
  8 |4   0   0   0   0   0   2   0   0   0   0   0   4   
  9 |4   0   0   0   0   0   2   0   0   0   0   0   4   
 10 |0   0   0   0   0   0   2   0   0   0   0   0   0   
 11 |0   0   0   0   0   0   0   0   0   0   0   0   0   
 12 |0   0   0   0   0   0   4   0   0   0   0   0   0   
 13 |1   0   0   0   4   4   4   4   4   0   0   0   1   
_____________________________________________ 
     A   B   C   D   E   F   G   H   I   J   K   L   M
 
 
  1 |1   0   0   0   4   4   4   4   4   0   0   0   1   
  2 |0   0   0   0   0   0   4   0   0   0   0   0   0   
  3 |0   0   0   0   0   0   0   0   0   0   0   0   0   
  4 |0   0   0   0   0   0   2   0   0   0   0   0   0   
  5 |4   0   0   0   0   0   2   0   0   0   0   0   4   
  6 |4   0   0   0   0   0   2   0   0   0   0   0   4   
  7 |4   4   0   2   2   2   5   0   2   2   0   4   4   
  8 |4   0   0   0   0   0   2   0   0   0   0   0   4   
  9 |4   0   0   0   0   0   2   0   0   0   0   0   4   
 10 |0   0   0   0   0   0   2   0   0   0   0   0   0   
 11 |0   0   0   0   0   0   0   0   0   0   0   0   0   
 12 |0   0   0   0   0   0   4   0   0   0   0   0   0   
 13 |1   0   0   0   4   4   4   4   4   0   0   0   1   
_____________________________________________ 
     A   B   C   D   E   F   G   H   I   J   K   L   M
 
 
  1 |1   0   0   0   4   4   4   4   4   0   0   0   1   
  2 |0   0   0   0   0   0   4   0   0   0   0   0   0   
  3 |0   0   0   0   0   0   0   0   0   0   0   0   0   
  4 |0   0   0   0   0   0   2   0   0   0   0   0   0   
  5 |4   0   0   0   0   0   2   0   0   0   0   0   4   
  6 |4   0   0   0   0   0   2   0   0   0   0   0   4   
  7 |4   4   0   2   2   2   5   0   2   2   0   4   4   
  8 |4   0   0   0   0   0   2   0   0   0   0   0   4   
  9 |4   0   0   0   0   0   2   0   0   0   0   0   4   
 10 |0   0   0   0   0   0   2   0   0   0   0   0   0   
 11 |0   0   0   0   0   0   0   0   0   0   0   0   0   
 12 |0   0   0   0   0   0   4   0   0   0   0   0   0   
 13 |1   0   0   0   4   4   4   4   4   0   0   0   1   
_____________________________________________ 
     A   B   C   D   E   F   G   H   I   J   K   L   M
 
 
  1 |1   0   0   0   4   4   4   4   4   0   0   0   1   
  2 |0   0   0   0   0   0   4   0   0   0   0   0   0   
  3 |0   0   0   0   0   0   0   0   0   0   0   0   0   
  4 |0   0   0   0   0   0   2   0   0   0   0   0   0   
  5 |4   0   0   0   0   0   2   0   0   0   0   0   4   
  6 |4   0   0   0   0   0   2   0   0   0   0   0   4   
  7 |4   4   0   2   2   2   5   2   2   2   0   4   4   
  8 |4   0   0   0   0   0   2   0   0   0   0   0   4   
  9 |4   0   0   0   0   0   2   0   0   0   0   0   4   
 10 |0   0   0   0   0   0   2   0   0   0   0   0   0   
 11 |0   0   0   0   0   0   0   0   0   0   0   0   0   
 12 |0   0   0   0   0   0   4   0   0   0   0   0   0   
 13 |1   0   0   0   4   4   4   4   4   0   0   0   1   
_____________________________________________ 
     A   B   C   D   E   F   G   H   I   J   K   L   M
 
 
  1 |1   0   0   0   4   4   4   4   4   0   0   0   1   
  2 |0   0   0   0   0   0   4   0   0   0   0   0   0   
  3 |0   0   0   0   0   0   0   0   0   0   0   0   0   
  4 |0   0   0   0   0   0   2   0   0   0   0   0   0   
  5 |4   0   0   0   0   0   2   0   0   0   0   0   4   
  6 |4   0   0   0   0   0   2   0   0   0   0   0   4   
  7 |4   4   0   2   2   2   5   0   2   2   0   4   4   
  8 |4   0   0   0   0   0   2   0   0   0   0   0   4   
  9 |4   0   0   0   0   0   2   0   0   0   0   0   4   
 10 |0   0   0   0   0   0   2   0   0   0   0   0   0   
 11 |0   0   0   0   0   0   0   0   0   0   0   0   0   
 12 |0   0   0   0   0   0   4   0   0   0   0   0   0   
 13 |1   0   0   0   4   4   4   4   4   0   0   0   1   
_____________________________________________ 
     A   B   C   D   E   F   G   H   I   J   K   L   M
 
 
  1 |1   0   0   0   4   4   4   4   4   0   0   0   1   
  2 |0   0   0   0   0   0   4   0   0   0   0   0   0   
  3 |0   0   0   0   0   0   0   0   0   0   0   0   0   
  4 |0   0   0   0   0   0   2   0   0   0   0   0   0   
  5 |4   0   0   0   0   0   2   0   0   0   0   0   4   
  6 |4   0   0   0   0   0   2   0   0   0   0   0   4   
  7 |4   4   0   2   2   2   5   0   2   2   0   4   4   
  8 |4   0   0   0   0   0   2   0   0   0   0   0   4   
  9 |4   0   0   0   0   0   2   0   0   0   0   0   4   
 10 |0   0   0   0   0   0   2   0   0   0   0   0   0   
 11 |0   0   0   0   0   0   0   0   0   0   0   0   0   
 12 |0   0   0   0   0   0   4   0   0   0   0   0   0   
 13 |1   0   0   0   4   4   4   4   4   0   0   0   1   
_____________________________________________ 
     A   B   C   D   E   F   G   H   I   J   K   L   M
 
 
  1 |1   0   0   0   4   4   4   4   4   0   0   0   1   
  2 |0   0   0   0   0   0   4   0   0   0   0   0   0   
  3 |0   0   0   0   0   0   0   0   0   0   0   0   0   
  4 |0   0   0   0   0   0   2   0   0   0   0   0   0   
  5 |4   0   0   0   0   0   2   0   0   0   0   0   4   
  6 |4   0   0   0   0   0   2   0   0   0   0   0   4   
  7 |4   4   0   2   2   2   2   0   2   2   0   4   4   
  8 |4   0   0   0   0   0   2   0   0   0   0   0   4   
  9 |4   0   0   0   0   0   2   0   0   0   0   0   4   
 10 |0   0   0   0   0   0   2   0   0   0   0   0   0   
 11 |0   0   0   0   0   0   0   0   0   0   0   0   0   
 12 |0   0   0   0   0   0   4   0   0   0   0   0   0   
 13 |1   0   0   0   4   4   4   4   4   0   0   0   1   
_____________________________________________ 
     A   B   C   D   E   F   G   H   I   J   K   L   M
 
 
  1 |1   0   0   0   4   4   4   4   4   0   0   0   1   
  2 |0   0   0   0   0   0   4   0   0   0   0   0   0   
  3 |0   0   0   0   0   0   0   0   0   0   0   0   0   
  4 |0   0   0   0   0   0   2   0   0   0   0   0   0   
  5 |4   0   0   0   0   0   2   0   0   0   0   0   4   
  6 |4   0   0   0   0   0   2   0   0   0   0   0   4   
  7 |4   4   0   2   2   2   5   2   2   2   0   4   4   
  8 |4   0   0   0   0   0   2   0   0   0   0   0   4   
  9 |4   0   0   0   0   0   2   0   0   0   0   0   4   
 10 |0   0   0   0   0   0   0   0   0   0   0   2   0   
 11 |0   0   0   0   0   0   0   0   0   0   0   0   0   
 12 |0   0   0   0   0   0   4   0   0   0   0   0   0   
 13 |1   0   0   0   4   4   4   4   4   0   0   0   1   
_____________________________________________ 
     A   B   C   D   E   F   G   H   I   J   K   L   M
 
 
  1 |1   0   0   0   4   4   4   4   4   0   0   0   1   
  2 |0   0   0   0   0   0   4   0   0   0   0   0   0   
  3 |0   0   0   0   0   0   0   0   0   0   0   0   0   
  4 |0   0   0   0   0   0   2   0   0   0   0   0   0   
  5 |4   0   0   0   0   0   2   0   0   0   0   0   4   
  6 |4   0   0   0   0   0   2   0   0   0   0   0   4   
  7 |4   4   0   2   2   2   5   2   2   2   0   4   4   
  8 |4   0   0   0   0   0   2   0   0   0   0   0   4   
  9 |4   0   0   0   0   0   2   0   0   0   0   0   4   
 10 |0   0   0   0   0   0   0   0   0   0   2   0   0   
 11 |0   0   0   0   0   0   0   0   0   0   0   0   0   
 12 |0   0   0   0   0   0   4   0   0   0   0   0   0   
 13 |1   0   0   0   4   4   4   4   4   0   0   0   1   
_____________________________________________ 
     A   B   C   D   E   F   G   H   I   J   K   L   M
 
 
  1 |1   0   0   0   4   4   4   4   4   0   0   0   1   
  2 |0   0   0   0   0   0   4   0   0   0   0   0   0   
  3 |0   0   0   0   0   0   0   0   0   0   0   0   0   
  4 |0   0   0   0   0   0   2   0   0   0   0   0   0   
  5 |4   0   0   0   0   0   2   0   0   0   0   0   4   
  6 |4   0   0   0   0   0   2   0   0   0   0   0   4   
  7 |4   4   0   2   2   2   5   2   2   2   0   4   4   
  8 |4   0   0   0   0   0   2   0   0   0   0   0   4   
  9 |4   0   0   0   0   0   2   0   0   0   0   0   4   
 10 |0   0   0   0   0   0   0   0   2   0   0   0   0   
 11 |0   0   0   0   0   0   0   0   0   0   0   0   0   
 12 |0   0   0   0   0   0   4   0   0   0   0   0   0   
 13 |1   0   0   0   4   4   4   4   4   0   0   0   1   
_____________________________________________ 
     A   B   C   D   E   F   G   H   I   J   K   L   M
 
 
  1 |1   0   0   0   4   4   4   4   4   0   0   0   1   
  2 |0   0   0   0   0   0   4   0   0   0   0   0   0   
  3 |0   0   0   0   0   0   0   0   0   0   0   0   0   
  4 |0   0   0   0   0   0   2   0   0   0   0   0   0   
  5 |4   0   0   0   0   0   2   0   0   0   0   0   4   
  6 |4   0   0   0   0   0   2   0   0   0   0   0   4   
  7 |4   4   0   2   2   2   5   2   2   2   0   4   4   
  8 |4   0   0   0   0   0   2   0   0   0   0   0   4   
  9 |4   0   0   0   0   0   2   0   0   0   0   0   4   
 10 |0   0   0   0   0   0   0   0   0   0   0   0   2   
 11 |0   0   0   0   0   0   0   0   0   0   0   0   0   
 12 |0   0   0   0   0   0   4   0   0   0   0   0   0   
 13 |1   0   0   0   4   4   4   4   4   0   0   0   1   
_____________________________________________ 
     A   B   C   D   E   F   G   H   I   J   K   L   M
 
 
  1 |1   0   0   0   4   4   4   4   4   0   0   0   1   
  2 |0   0   0   0   0   0   4   0   0   0   0   0   0   
  3 |0   0   0   0   0   0   0   0   0   0   0   0   0   
  4 |0   0   0   0   0   0   2   0   0   0   0   0   0   
  5 |4   0   0   0   0   0   2   0   0   0   0   0   4   
  6 |4   0   0   0   0   0   2   0   0   0   0   0   4   
  7 |4   4   0   2   2   2   5   2   2   2   0   4   4   
  8 |4   0   0   0   0   0   2   0   0   0   0   0   4   
  9 |4   0   0   0   0   0   2   0   0   0   0   0   4   
 10 |0   0   0   0   0   0   0   0   0   0   0   2   0   
 11 |0   0   0   0   0   0   0   0   0   0   0   0   0   
 12 |0   0   0   0   0   0   4   0   0   0   0   0   0   
 13 |1   0   0   0   4   4   4   4   4   0   0   0   1   
_____________________________________________ 
     A   B   C   D   E   F   G   H   I   J   K   L   M
 
 
  1 |1   0   0   0   4   4   4   4   4   0   0   0   1   
  2 |0   0   0   0   0   0   4   0   0   0   0   0   0   
  3 |0   0   0   0   0   0   0   0   0   0   0   0   0   
  4 |0   0   0   0   0   0   2   0   0   0   0   0   0   
  5 |4   0   0   0   0   0   2   0   0   0   0   0   4   
  6 |4   0   0   0   0   0   2   0   0   0   0   0   4   
  7 |4   4   0   2   2   2   5   2   2   2   0   4   4   
  8 |4   0   0   0   0   0   2   0   0   0   0   0   4   
  9 |4   0   0   0   0   0   2   0   0   0   0   0   4   
 10 |0   0   0   0   0   0   0   0   0   0   2   0   0   
 11 |0   0   0   0   0   0   0   0   0   0   0   0   0   
 12 |0   0   0   0   0   0   4   0   0   0   0   0   0   
 13 |1   0   0   0   4   4   4   4   4   0   0   0   1   
_____________________________________________ 
     A   B   C   D   E   F   G   H   I   J   K   L   M
 
 
  1 |1   0   0   0   4   4   4   4   4   0   0   0   1   
  2 |0   0   0   0   0   0   4   0   0   0   0   0   0   
  3 |0   0   0   0   0   0   0   0   0   0   0   0   0   
  4 |0   0   0   0   0   0   2   0   0   0   0   0   0   
  5 |4   0   0   0   0   0   2   0   0   0   0   0   4   
  6 |4   0   0   0   0   0   2   0   0   0   0   0   4   
  7 |4   4   0   2   2   2   5   2   2   2   0   4   4   
  8 |4   0   0   0   0   0   2   0   0   0   0   0   4   
  9 |4   0   0   0   0   0   2   0   0   0   0   0   4   
 10 |0   0   0   0   0   0   0   0   0   2   0   0   0   
 11 |0   0   0   0   0   0   0   0   0   0   0   0   0   
 12 |0   0   0   0   0   0   4   0   0   0   0   0   0   
 13 |1   0   0   0   4   4   4   4   4   0   0   0   1   
_____________________________________________ 
     A   B   C   D   E   F   G   H   I   J   K   L   M
 
 
  1 |1   0   0   0   4   4   4   4   4   0   0   0   1   
  2 |0   0   0   0   0   0   4   0   0   0   0   0   0   
  3 |0   0   0   0   0   0   0   0   0   0   0   0   0   
  4 |0   0   0   0   0   0   2   0   0   0   0   0   0   
  5 |4   0   0   0   0   0   2   0   0   0   0   0   4   
  6 |4   0   0   0   0   0   2   0   0   0   0   0   4   
  7 |4   4   0   2   2   2   5   2   2   2   0   4   4   
  8 |4   0   0   0   0   0   2   0   0   0   0   0   4   
  9 |4   0   0   0   0   0   2   0   0   0   0   0   4   
 10 |0   0   0   0   0   0   0   0   2   0   0   0   0   
 11 |0   0   0   0   0   0   0   0   0   0   0   0   0   
 12 |0   0   0   0   0   0   4   0   0   0   0   0   0   
 13 |1   0   0   0   4   4   4   4   4   0   0   0   1   
_____________________________________________ 
     A   B   C   D   E   F   G   H   I   J   K   L   M
 
 
  1 |1   0   0   0   4   4   4   4   4   0   0   0   1   
  2 |0   0   0   0   0   0   4   0   0   0   0   0   0   
  3 |0   0   0   0   0   0   0   0   0   0   0   0   0   
  4 |0   0   0   0   0   0   2   0   0   0   0   0   0   
  5 |4   0   0   0   0   0   2   0   0   0   0   0   4   
  6 |4   0   0   0   0   0   2   0   0   0   0   0   4   
  7 |4   4   0   2   2   2   5   2   2   2   0   4   4   
  8 |4   0   0   0   0   0   2   0   0   0   0   0   4   
  9 |4   0   0   0   0   0   2   0   0   0   0   0   4   
 10 |0   0   0   0   0   0   0   2   0   0   0   0   0   
 11 |0   0   0   0   0   0   0   0   0   0   0   0   0   
 12 |0   0   0   0   0   0   4   0   0   0   0   0   0   
 13 |1   0   0   0   4   4   4   4   4   0   0   0   1   
_____________________________________________ 
     A   B   C   D   E   F   G   H   I   J   K   L   M
 
 
  1 |1   0   0   0   4   4   4   4   4   0   0   0   1   
  2 |0   0   0   0   0   0   4   0   0   0   0   0   0   
  3 |0   0   0   0   0   0   0   0   0   0   0   0   0   
  4 |0   0   0   0   0   0   2   0   0   0   0   0   0   
  5 |4   0   0   0   0   0   2   0   0   0   0   0   4   
  6 |4   0   0   0   0   0   2   0   0   0   0   0   4   
  7 |4   4   0   2   2   2   5   2   2   2   0   4   4   
  8 |4   0   0   0   0   0   2   0   0   0   0   0   4   
  9 |4   0   0   0   0   0   2   0   0   0   0   0   4   
 10 |0   0   0   0   0   2   0   0   0   0   0   0   0   
 11 |0   0   0   0   0   0   0   0   0   0   0   0   0   
 12 |0   0   0   0   0   0   4   0   0   0   0   0   0   
 13 |1   0   0   0   4   4   4   4   4   0   0   0   1   
_____________________________________________ 
     A   B   C   D   E   F   G   H   I   J   K   L   M
 
 
  1 |1   0   0   0   4   4   4   4   4   0   0   0   1   
  2 |0   0   0   0   0   0   4   0   0   0   0   0   0   
  3 |0   0   0   0   0   0   0   0   0   0   0   0   0   
  4 |0   0   0   0   0   0   2   0   0   0   0   0   0   
  5 |4   0   0   0   0   0   2   0   0   0   0   0   4   
  6 |4   0   0   0   0   0   2   0   0   0   0   0   4   
  7 |4   4   0   2   2   2   5   2   2   2   0   4   4   
  8 |4   0   0   0   0   0   2   0   0   0   0   0   4   
  9 |4   0   0   0   0   0   0   0   0   2   0   0   4   
 10 |0   0   0   0   0   0   2   0   0   0   0   0   0   
 11 |0   0   0   0   0   0   0   0   0   0   0   0   0   
 12 |0   0   0   0   0   0   4   0   0   0   0   0   0   
 13 |1   0   0   0   4   4   4   4   4   0   0   0   1   
_____________________________________________ 
     A   B   C   D   E   F   G   H   I   J   K   L   M
 
 
  1 |1   0   0   0   4   4   4   4   4   0   0   0   1   
  2 |0   0   0   0   0   0   4   0   0   0   0   0   0   
  3 |0   0   0   0   0   0   0   0   0   0   0   0   0   
  4 |0   0   0   0   0   0   2   0   0   0   0   0   0   
  5 |4   0   0   0   0   0   2   0   0   0   0   0   4   
  6 |4   0   0   0   0   0   2   0   0   0   0   0   4   
  7 |4   4   0   2   2   2   5   2   2   2   0   4   4   
  8 |4   0   0   0   0   0   2   0   0   0   0   0   4   
  9 |4   0   0   0   0   0   0   2   0   0   0   0   4   
 10 |0   0   0   0   0   0   2   0   0   0   0   0   0   
 11 |0   0   0   0   0   0   0   0   0   0   0   0   0   
 12 |0   0   0   0   0   0   4   0   0   0   0   0   0   
 13 |1   0   0   0   4   4   4   4   4   0   0   0   1   
_____________________________________________ 
     A   B   C   D   E   F   G   H   I   J   K   L   M
 
 
  1 |1   0   0   0   4   4   4   4   4   0   0   0   1   
  2 |0   0   0   0   0   0   4   0   0   0   0   0   0   
  3 |0   0   0   0   0   0   0   0   0   0   0   0   0   
  4 |0   0   0   0   0   0   2   0   0   0   0   0   0   
  5 |4   0   0   0   0   0   2   0   0   0   0   0   4   
  6 |4   0   0   0   0   0   2   0   0   0   0   0   4   
  7 |4   4   0   2   2   2   5   2   2   2   0   4   4   
  8 |4   0   0   0   0   0   2   0   0   0   0   0   4   
  9 |4   0   0   0   0   0   0   0   0   0   0   0   2   
 10 |0   0   0   0   0   0   2   0   0   0   0   0   0   
 11 |0   0   0   0   0   0   0   0   0   0   0   0   0   
 12 |0   0   0   0   0   0   4   0   0   0   0   0   0   
 13 |1   0   0   0   4   4   4   4   4   0   0   0   1   
_____________________________________________ 
     A   B   C   D   E   F   G   H   I   J   K   L   M
 
 
  1 |1   0   0   0   4   4   4   4   4   0   0   0   1   
  2 |0   0   0   0   0   0   4   0   0   0   0   0   0   
  3 |0   0   0   0   0   0   0   0   0   0   0   0   0   
  4 |0   0   0   0   0   0   2   0   0   0   0   0   0   
  5 |4   0   0   0   0   0   2   0   0   0   0   0   4   
  6 |4   0   0   0   0   0   2   0   0   0   0   0   4   
  7 |4   4   0   2   2   2   5   2   2   2   0   4   4   
  8 |4   0   0   0   0   0   2   0   0   0   0   0   4   
  9 |4   0   0   0   0   0   0   0   0   0   0   2   4   
 10 |0   0   0   0   0   0   2   0   0   0   0   0   0   
 11 |0   0   0   0   0   0   0   0   0   0   0   0   0   
 12 |0   0   0   0   0   0   4   0   0   0   0   0   0   
 13 |1   0   0   0   4   4   4   4   4   0   0   0   1   
_____________________________________________ 
     A   B   C   D   E   F   G   H   I   J   K   L   M
 
 
  1 |1   0   0   0   4   4   4   4   4   0   0   0   1   
  2 |0   0   0   0   0   0   4   0   0   0   0   0   0   
  3 |0   0   0   0   0   0   0   0   0   0   0   0   0   
  4 |0   0   0   0   0   0   2   0   0   0   0   0   0   
  5 |4   0   0   0   0   0   2   0   0   0   0   0   4   
  6 |4   0   0   0   0   0   2   0   0   0   0   0   4   
  7 |4   4   0   2   2   2   5   2   2   2   0   4   4   
  8 |4   0   0   0   0   0   2   0   0   0   0   0   4   
  9 |4   0   0   0   0   0   0   0   0   0   2   0   4   
 10 |0   0   0   0   0   0   2   0   0   0   0   0   0   
 11 |0   0   0   0   0   0   0   0   0   0   0   0   0   
 12 |0   0   0   0   0   0   4   0   0   0   0   0   0   
 13 |1   0   0   0   4   4   4   4   4   0   0   0   1   
_____________________________________________ 
     A   B   C   D   E   F   G   H   I   J   K   L   M
 
 
  1 |1   0   0   0   4   4   4   4   4   0   0   0   1   
  2 |0   0   0   0   0   0   4   0   0   0   0   0   0   
  3 |0   0   0   0   0   0   0   0   0   0   0   0   0   
  4 |0   0   0   0   0   0   2   0   0   0   0   0   0   
  5 |4   0   0   0   0   0   2   0   0   0   0   0   4   
  6 |4   0   0   0   0   0   2   0   0   0   0   0   4   
  7 |4   4   0   2   2   2   5   2   2   2   0   4   4   
  8 |4   0   0   0   0   0   2   0   0   0   0   0   4   
  9 |4   0   0   0   0   0   0   0   0   2   0   0   4   
 10 |0   0   0   0   0   0   2   0   0   0   0   0   0   
 11 |0   0   0   0   0   0   0   0   0   0   0   0   0   
 12 |0   0   0   0   0   0   4   0   0   0   0   0   0   
 13 |1   0   0   0   4   4   4   4   4   0   0   0   1   
_____________________________________________ 
     A   B   C   D   E   F   G   H   I   J   K   L   M
 
 
  1 |1   0   0   0   4   4   4   4   4   0   0   0   1   
  2 |0   0   0   0   0   0   4   0   0   0   0   0   0   
  3 |0   0   0   0   0   0   0   0   0   0   0   0   0   
  4 |0   0   0   0   0   0   2   0   0   0   0   0   0   
  5 |4   0   0   0   0   0   2   0   0   0   0   0   4   
  6 |4   0   0   0   0   0   2   0   0   0   0   0   4   
  7 |4   4   0   2   2   2   5   2   2   2   0   4   4   
  8 |4   0   0   0   0   0   2   0   0   0   0   0   4   
  9 |4   0   0   0   0   0   0   0   2   0   0   0   4   
 10 |0   0   0   0   0   0   2   0   0   0   0   0   0   
 11 |0   0   0   0   0   0   0   0   0   0   0   0   0   
 12 |0   0   0   0   0   0   4   0   0   0   0   0   0   
 13 |1   0   0   0   4   4   4   4   4   0   0   0   1   
_____________________________________________ 
     A   B   C   D   E   F   G   H   I   J   K   L   M
 
 
  1 |1   0   0   0   4   4   4   4   4   0   0   0   1   
  2 |0   0   0   0   0   0   4   0   0   0   0   0   0   
  3 |0   0   0   0   0   0   0   0   0   0   0   0   0   
  4 |0   0   0   0   0   0   2   0   0   0   0   0   0   
  5 |4   0   0   0   0   0   2   0   0   0   0   0   4   
  6 |4   0   0   0   0   0   2   0   0   0   0   0   4   
  7 |4   4   0   2   2   2   5   2   2   2   0   4   4   
  8 |4   0   0   0   0   0   2   0   0   0   0   0   4   
  9 |4   0   0   0   0   0   0   2   0   0   0   0   4   
 10 |0   0   0   0   0   0   2   0   0   0   0   0   0   
 11 |0   0   0   0   0   0   0   0   0   0   0   0   0   
 12 |0   0   0   0   0   0   4   0   0   0   0   0   0   
 13 |1   0   0   0   4   4   4   4   4   0   0   0   1   
_____________________________________________ 
     A   B   C   D   E   F   G   H   I   J   K   L   M
 
 
  1 |1   0   0   0   4   4   4   4   4   0   0   0   1   
  2 |0   0   0   0   0   0   4   0   0   0   0   0   0   
  3 |0   0   0   0   0   0   0   0   0   0   0   0   0   
  4 |0   0   0   0   0   0   2   0   0   0   0   0   0   
  5 |4   0   0   0   0   0   2   0   0   0   0   0   4   
  6 |4   0   0   0   0   0   2   0   0   0   0   0   4   
  7 |4   4   0   2   2   2   5   2   2   2   0   4   4   
  8 |4   0   0   0   0   0   2   0   0   0   0   0   4   
  9 |4   0   0   0   0   2   0   0   0   0   0   0   4   
 10 |0   0   0   0   0   0   2   0   0   0   0   0   0   
 11 |0   0   0   0   0   0   0   0   0   0   0   0   0   
 12 |0   0   0   0   0   0   4   0   0   0   0   0   0   
 13 |1   0   0   0   4   4   4   4   4   0   0   0   1   
_____________________________________________ 
     A   B   C   D   E   F   G   H   I   J   K   L   M
 
 
  1 |1   0   0   0   4   4   4   4   4   0   0   0   1   
  2 |0   0   0   0   0   0   4   0   0   0   0   0   0   
  3 |0   0   0   0   0   0   0   0   0   0   0   0   0   
  4 |0   0   0   0   0   0   2   0   0   0   0   0   0   
  5 |4   0   0   0   0   0   2   0   0   0   0   0   4   
  6 |4   0   0   0   0   0   2   0   0   0   0   0   4   
  7 |4   4   0   2   2   2   5   2   2   2   0   4   4   
  8 |4   0   0   0   0   0   0   0   2   0   0   0   4   
  9 |4   0   0   0   0   0   2   0   0   0   0   0   4   
 10 |0   0   0   0   0   0   2   0   0   0   0   0   0   
 11 |0   0   0   0   0   0   0   0   0   0   0   0   0   
 12 |0   0   0   0   0   0   4   0   0   0   0   0   0   
 13 |1   0   0   0   4   4   4   4   4   0   0   0   1   
_____________________________________________ 
     A   B   C   D   E   F   G   H   I   J   K   L   M
 
 
  1 |1   0   0   0   4   4   4   4   4   0   0   0   1   
  2 |0   0   0   0   0   0   4   0   0   0   0   0   0   
  3 |0   0   0   0   0   0   0   0   0   0   0   0   0   
  4 |0   0   0   0   0   0   2   0   0   0   0   0   0   
  5 |4   0   0   0   0   0   2   0   0   0   0   0   4   
  6 |4   0   0   0   0   0   2   0   0   0   0   0   4   
  7 |4   4   0   2   2   2   5   2   2   2   0   4   4   
  8 |4   0   0   0   0   0   2   0   0   0   0   0   4   
  9 |4   0   0   0   0   0   2   0   0   0   0   0   4   
 10 |0   0   0   0   0   0   2   0   0   0   0   0   0   
 11 |0   0   0   0   0   0   0   0   0   0   0   0   0   
 12 |0   0   0   0   0   0   4   0   0   0   0   0   0   
 13 |1   0   0   0   4   4   4   4   4   0   0   0   1   
_____________________________________________ 
     A   B   C   D   E   F   G   H   I   J   K   L   M
 
 
  1 |1   0   0   0   4   4   4   4   4   0   0   0   1   
  2 |0   0   0   0   0   0   4   0   0   0   0   0   0   
  3 |0   0   0   0   0   0   0   0   0   0   0   0   0   
  4 |0   0   0   0   0   0   2   0   0   0   0   0   0   
  5 |4   0   0   0   0   0   2   0   0   0   0   0   4   
  6 |4   0   0   0   0   0   2   0   0   0   0   0   4   
  7 |4   4   0   2   2   2   5   2   2   2   0   4   4   
  8 |4   0   0   0   0   0   0   0   0   0   0   0   2   
  9 |4   0   0   0   0   0   2   0   0   0   0   0   4   
 10 |0   0   0   0   0   0   2   0   0   0   0   0   0   
 11 |0   0   0   0   0   0   0   0   0   0   0   0   0   
 12 |0   0   0   0   0   0   4   0   0   0   0   0   0   
 13 |1   0   0   0   4   4   4   4   4   0   0   0   1   
_____________________________________________ 
     A   B   C   D   E   F   G   H   I   J   K   L   M
 
 
  1 |1   0   0   0   4   4   4   4   4   0   0   0   1   
  2 |0   0   0   0   0   0   4   0   0   0   0   0   0   
  3 |0   0   0   0   0   0   0   0   0   0   0   0   0   
  4 |0   0   0   0   0   0   2   0   0   0   0   0   0   
  5 |4   0   0   0   0   0   2   0   0   0   0   0   4   
  6 |4   0   0   0   0   0   2   0   0   0   0   0   4   
  7 |4   4   0   2   2   2   5   2   2   2   0   4   4   
  8 |4   0   0   0   0   0   0   0   0   0   0   2   4   
  9 |4   0   0   0   0   0   2   0   0   0   0   0   4   
 10 |0   0   0   0   0   0   2   0   0   0   0   0   0   
 11 |0   0   0   0   0   0   0   0   0   0   0   0   0   
 12 |0   0   0   0   0   0   4   0   0   0   0   0   0   
 13 |1   0   0   0   4   4   4   4   4   0   0   0   1   
_____________________________________________ 
     A   B   C   D   E   F   G   H   I   J   K   L   M
 
 
  1 |1   0   0   0   4   4   4   4   4   0   0   0   1   
  2 |0   0   0   0   0   0   4   0   0   0   0   0   0   
  3 |0   0   0   0   0   0   0   0   0   0   0   0   0   
  4 |0   0   0   0   0   0   2   0   0   0   0   0   0   
  5 |4   0   0   0   0   0   2   0   0   0   0   0   4   
  6 |4   0   0   0   0   0   2   0   0   0   0   0   4   
  7 |4   4   0   2   2   2   5   2   2   2   0   4   4   
  8 |4   0   0   0   0   0   0   0   0   0   2   0   4   
  9 |4   0   0   0   0   0   2   0   0   0   0   0   4   
 10 |0   0   0   0   0   0   2   0   0   0   0   0   0   
 11 |0   0   0   0   0   0   0   0   0   0   0   0   0   
 12 |0   0   0   0   0   0   4   0   0   0   0   0   0   
 13 |1   0   0   0   4   4   4   4   4   0   0   0   1   
_____________________________________________ 
     A   B   C   D   E   F   G   H   I   J   K   L   M
 
 
  1 |1   0   0   0   4   4   4   4   4   0   0   0   1   
  2 |0   0   0   0   0   0   4   0   0   0   0   0   0   
  3 |0   0   0   0   0   0   0   0   0   0   0   0   0   
  4 |0   0   0   0   0   0   2   0   0   0   0   0   0   
  5 |4   0   0   0   0   0   2   0   0   0   0   0   4   
  6 |4   0   0   0   0   0   2   0   0   0   0   0   4   
  7 |4   4   0   2   2   2   5   2   2   2   0   4   4   
  8 |4   0   0   0   0   0   0   0   0   2   0   0   4   
  9 |4   0   0   0   0   0   2   0   0   0   0   0   4   
 10 |0   0   0   0   0   0   2   0   0   0   0   0   0   
 11 |0   0   0   0   0   0   0   0   0   0   0   0   0   
 12 |0   0   0   0   0   0   4   0   0   0   0   0   0   
 13 |1   0   0   0   4   4   4   4   4   0   0   0   1   
_____________________________________________ 
     A   B   C   D   E   F   G   H   I   J   K   L   M
 
 
  1 |1   0   0   0   4   4   4   4   4   0   0   0   1   
  2 |0   0   0   0   0   0   4   0   0   0   0   0   0   
  3 |0   0   0   0   0   0   0   0   0   0   0   0   0   
  4 |0   0   0   0   0   0   2   0   0   0   0   0   0   
  5 |4   0   0   0   0   0   2   0   0   0   0   0   4   
  6 |4   0   0   0   0   0   2   0   0   0   0   0   4   
  7 |4   4   0   2   2   2   5   2   2   2   0   4   4   
  8 |4   0   0   0   0   0   0   0   2   0   0   0   4   
  9 |4   0   0   0   0   0   2   0   0   0   0   0   4   
 10 |0   0   0   0   0   0   2   0   0   0   0   0   0   
 11 |0   0   0   0   0   0   0   0   0   0   0   0   0   
 12 |0   0   0   0   0   0   4   0   0   0   0   0   0   
 13 |1   0   0   0   4   4   4   4   4   0   0   0   1   
_____________________________________________ 
     A   B   C   D   E   F   G   H   I   J   K   L   M
 
 
  1 |1   0   0   0   4   4   4   4   4   0   0   0   1   
  2 |0   0   0   0   0   0   4   0   0   0   0   0   0   
  3 |0   0   0   0   0   0   0   0   0   0   0   0   0   
  4 |0   0   0   0   0   0   2   0   0   0   0   0   0   
  5 |4   0   0   0   0   0   2   0   0   0   0   0   4   
  6 |4   0   0   0   0   0   2   0   0   0   0   0   4   
  7 |4   4   0   2   2   2   5   2   2   2   0   4   4   
  8 |4   0   0   0   0   0   0   2   0   0   0   0   4   
  9 |4   0   0   0   0   0   2   0   0   0   0   0   4   
 10 |0   0   0   0   0   0   2   0   0   0   0   0   0   
 11 |0   0   0   0   0   0   0   0   0   0   0   0   0   
 12 |0   0   0   0   0   0   4   0   0   0   0   0   0   
 13 |1   0   0   0   4   4   4   4   4   0   0   0   1   
_____________________________________________ 
     A   B   C   D   E   F   G   H   I   J   K   L   M
 
 
  1 |1   0   0   0   4   4   4   4   4   0   0   0   1   
  2 |0   0   0   0   0   0   4   0   0   0   0   0   0   
  3 |0   0   0   0   0   0   0   0   0   0   0   0   0   
  4 |0   0   0   0   0   0   2   0   0   0   0   0   0   
  5 |4   0   0   0   0   0   2   0   0   0   0   0   4   
  6 |4   0   0   0   0   0   2   0   0   0   0   0   4   
  7 |4   4   0   2   2   2   5   2   2   2   0   4   4   
  8 |4   0   0   0   0   2   0   0   0   0   0   0   4   
  9 |4   0   0   0   0   0   2   0   0   0   0   0   4   
 10 |0   0   0   0   0   0   2   0   0   0   0   0   0   
 11 |0   0   0   0   0   0   0   0   0   0   0   0   0   
 12 |0   0   0   0   0   0   4   0   0   0   0   0   0   
 13 |1   0   0   0   4   4   4   4   4   0   0   0   1   
_____________________________________________ 
     A   B   C   D   E   F   G   H   I   J   K   L   M
 
 
  1 |1   0   0   0   4   4   4   4   4   0   0   0   1   
  2 |0   0   0   0   0   0   4   0   0   0   0   0   0   
  3 |0   0   0   0   0   0   0   0   0   0   0   0   0   
  4 |0   0   0   0   0   0   2   0   0   0   0   0   0   
  5 |4   0   0   0   0   0   2   0   0   0   0   0   4   
  6 |4   0   0   0   0   0   2   0   0   0   0   0   4   
  7 |4   4   0   2   2   2   5   2   2   2   0   4   4   
  8 |4   0   0   0   0   0   2   0   0   0   0   0   4   
  9 |4   0   0   0   0   0   2   0   0   0   0   0   4   
 10 |0   0   0   0   0   0   2   0   0   0   0   0   0   
 11 |0   0   0   0   0   0   0   0   0   0   0   0   0   
 12 |0   0   0   0   0   0   4   0   0   0   0   0   0   
 13 |1   0   0   0   4   4   4   4   4   0   0   0   1   
_____________________________________________ 
     A   B   C   D   E   F   G   H   I   J   K   L   M
 
 
  1 |1   0   0   0   4   4   4   4   4   0   0   0   1   
  2 |0   0   0   0   0   0   4   0   0   0   0   0   0   
  3 |0   0   0   0   0   0   0   0   0   0   0   0   0   
  4 |0   0   0   0   0   0   2   0   0   0   0   0   0   
  5 |4   0   0   0   0   0   2   0   0   0   0   0   4   
  6 |4   0   0   0   2   0   0   0   0   0   0   0   4   
  7 |4   4   0   2   2   2   5   2   2   2   0   4   4   
  8 |4   0   0   0   0   0   2   0   0   0   0   0   4   
  9 |4   0   0   0   0   0   2   0   0   0   0   0   4   
 10 |0   0   0   0   0   0   2   0   0   0   0   0   0   
 11 |0   0   0   0   0   0   0   0   0   0   0   0   0   
 12 |0   0   0   0   0   0   4   0   0   0   0   0   0   
 13 |1   0   0   0   4   4   4   4   4   0   0   0   1   
_____________________________________________ 
     A   B   C   D   E   F   G   H   I   J   K   L   M
 
 
  1 |1   0   0   0   4   4   4   4   4   0   0   0   1   
  2 |0   0   0   0   0   0   4   0   0   0   0   0   0   
  3 |0   0   0   0   0   0   0   0   0   0   0   0   0   
  4 |0   0   0   0   0   0   2   0   0   0   0   0   0   
  5 |4   0   0   0   0   0   2   0   0   0   0   0   4   
  6 |4   0   0   0   0   0   0   0   0   0   0   0   2   
  7 |4   4   0   2   2   2   5   2   2   2   0   4   4   
  8 |4   0   0   0   0   0   2   0   0   0   0   0   4   
  9 |4   0   0   0   0   0   2   0   0   0   0   0   4   
 10 |0   0   0   0   0   0   2   0   0   0   0   0   0   
 11 |0   0   0   0   0   0   0   0   0   0   0   0   0   
 12 |0   0   0   0   0   0   4   0   0   0   0   0   0   
 13 |1   0   0   0   4   4   4   4   4   0   0   0   1   
_____________________________________________ 
     A   B   C   D   E   F   G   H   I   J   K   L   M
 
 
  1 |1   0   0   0   4   4   4   4   4   0   0   0   1   
  2 |0   0   0   0   0   0   4   0   0   0   0   0   0   
  3 |0   0   0   0   0   0   0   0   0   0   0   0   0   
  4 |0   0   0   0   0   0   2   0   0   0   0   0   0   
  5 |4   0   0   0   0   0   2   0   0   0   0   0   4   
  6 |4   0   0   0   0   0   0   0   0   0   0   2   4   
  7 |4   4   0   2   2   2   5   2   2   2   0   4   4   
  8 |4   0   0   0   0   0   2   0   0   0   0   0   4   
  9 |4   0   0   0   0   0   2   0   0   0   0   0   4   
 10 |0   0   0   0   0   0   2   0   0   0   0   0   0   
 11 |0   0   0   0   0   0   0   0   0   0   0   0   0   
 12 |0   0   0   0   0   0   4   0   0   0   0   0   0   
 13 |1   0   0   0   4   4   4   4   4   0   0   0   1   
_____________________________________________ 
     A   B   C   D   E   F   G   H   I   J   K   L   M
 
 
  1 |1   0   0   0   4   4   4   4   4   0   0   0   1   
  2 |0   0   0   0   0   0   4   0   0   0   0   0   0   
  3 |0   0   0   0   0   0   0   0   0   0   0   0   0   
  4 |0   0   0   0   0   0   2   0   0   0   0   0   0   
  5 |4   0   0   0   0   0   2   0   0   0   0   0   4   
  6 |4   0   0   0   0   0   0   0   0   0   2   0   4   
  7 |4   4   0   2   2   2   5   2   2   2   0   4   4   
  8 |4   0   0   0   0   0   2   0   0   0   0   0   4   
  9 |4   0   0   0   0   0   2   0   0   0   0   0   4   
 10 |0   0   0   0   0   0   2   0   0   0   0   0   0   
 11 |0   0   0   0   0   0   0   0   0   0   0   0   0   
 12 |0   0   0   0   0   0   4   0   0   0   0   0   0   
 13 |1   0   0   0   4   4   4   4   4   0   0   0   1   
_____________________________________________ 
     A   B   C   D   E   F   G   H   I   J   K   L   M
 
 
  1 |1   0   0   0   4   4   4   4   4   0   0   0   1   
  2 |0   0   0   0   0   0   4   0   0   0   0   0   0   
  3 |0   0   0   0   0   0   0   0   0   0   0   0   0   
  4 |0   0   0   0   0   0   2   0   0   0   0   0   0   
  5 |4   0   0   0   0   0   2   0   0   0   0   0   4   
  6 |4   0   0   0   0   0   0   0   0   2   0   0   4   
  7 |4   4   0   2   2   2   5   2   2   2   0   4   4   
  8 |4   0   0   0   0   0   2   0   0   0   0   0   4   
  9 |4   0   0   0   0   0   2   0   0   0   0   0   4   
 10 |0   0   0   0   0   0   2   0   0   0   0   0   0   
 11 |0   0   0   0   0   0   0   0   0   0   0   0   0   
 12 |0   0   0   0   0   0   4   0   0   0   0   0   0   
 13 |1   0   0   0   4   4   4   4   4   0   0   0   1   
_____________________________________________ 
     A   B   C   D   E   F   G   H   I   J   K   L   M
 
 
  1 |1   0   0   0   4   4   4   4   4   0   0   0   1   
  2 |0   0   0   0   0   0   4   0   0   0   0   0   0   
  3 |0   0   0   0   0   0   0   0   0   0   0   0   0   
  4 |0   0   0   0   0   0   2   0   0   0   0   0   0   
  5 |4   0   0   0   0   0   2   0   0   0   0   0   4   
  6 |4   0   0   0   0   0   0   0   2   0   0   0   4   
  7 |4   4   0   2   2   2   5   2   2   2   0   4   4   
  8 |4   0   0   0   0   0   2   0   0   0   0   0   4   
  9 |4   0   0   0   0   0   2   0   0   0   0   0   4   
 10 |0   0   0   0   0   0   2   0   0   0   0   0   0   
 11 |0   0   0   0   0   0   0   0   0   0   0   0   0   
 12 |0   0   0   0   0   0   4   0   0   0   0   0   0   
 13 |1   0   0   0   4   4   4   4   4   0   0   0   1   
_____________________________________________ 
     A   B   C   D   E   F   G   H   I   J   K   L   M
 
 
  1 |1   0   0   0   4   4   4   4   4   0   0   0   1   
  2 |0   0   0   0   0   0   4   0   0   0   0   0   0   
  3 |0   0   0   0   0   0   0   0   0   0   0   0   0   
  4 |0   0   0   0   0   0   2   0   0   0   0   0   0   
  5 |4   0   0   0   0   0   2   0   0   0   0   0   4   
  6 |4   0   0   0   0   0   0   2   0   0   0   0   4   
  7 |4   4   0   2   2   2   5   2   2   2   0   4   4   
  8 |4   0   0   0   0   0   2   0   0   0   0   0   4   
  9 |4   0   0   0   0   0   2   0   0   0   0   0   4   
 10 |0   0   0   0   0   0   2   0   0   0   0   0   0   
 11 |0   0   0   0   0   0   0   0   0   0   0   0   0   
 12 |0   0   0   0   0   0   4   0   0   0   0   0   0   
 13 |1   0   0   0   4   4   4   4   4   0   0   0   1   
_____________________________________________ 
     A   B   C   D   E   F   G   H   I   J   K   L   M
 
 
  1 |1   0   0   0   4   4   4   4   4   0   0   0   1   
  2 |0   0   0   0   0   0   4   0   0   0   0   0   0   
  3 |0   0   0   0   0   0   0   0   0   0   0   0   0   
  4 |0   0   0   0   0   0   2   0   0   0   0   0   0   
  5 |4   0   0   0   0   0   2   0   0   0   0   0   4   
  6 |4   0   0   0   0   2   0   0   0   0   0   0   4   
  7 |4   4   0   2   2   2   5   2   2   2   0   4   4   
  8 |4   0   0   0   0   0   2   0   0   0   0   0   4   
  9 |4   0   0   0   0   0   2   0   0   0   0   0   4   
 10 |0   0   0   0   0   0   2   0   0   0   0   0   0   
 11 |0   0   0   0   0   0   0   0   0   0   0   0   0   
 12 |0   0   0   0   0   0   4   0   0   0   0   0   0   
 13 |1   0   0   0   4   4   4   4   4   0   0   0   1   
_____________________________________________ 
     A   B   C   D   E   F   G   H   I   J   K   L   M
 
 
  1 |1   0   0   0   4   4   4   4   4   0   0   0   1   
  2 |0   0   0   0   0   0   4   0   0   0   0   0   0   
  3 |0   0   0   0   0   0   0   0   0   0   0   0   0   
  4 |0   0   0   0   0   0   2   0   0   0   0   0   0   
  5 |4   0   0   0   0   2   0   0   0   0   0   0   4   
  6 |4   0   0   0   0   0   2   0   0   0   0   0   4   
  7 |4   4   0   2   2   2   5   2   2   2   0   4   4   
  8 |4   0   0   0   0   0   2   0   0   0   0   0   4   
  9 |4   0   0   0   0   0   2   0   0   0   0   0   4   
 10 |0   0   0   0   0   0   2   0   0   0   0   0   0   
 11 |0   0   0   0   0   0   0   0   0   0   0   0   0   
 12 |0   0   0   0   0   0   4   0   0   0   0   0   0   
 13 |1   0   0   0   4   4   4   4   4   0   0   0   1   
_____________________________________________ 
     A   B   C   D   E   F   G   H   I   J   K   L   M
 
 
  1 |1   0   0   0   4   4   4   4   4   0   0   0   1   
  2 |0   0   0   0   0   0   4   0   0   0   0   0   0   
  3 |0   0   0   0   0   0   0   0   0   0   0   0   0   
  4 |0   0   0   0   0   0   2   0   0   0   0   0   0   
  5 |4   0   0   2   0   0   0   0   0   0   0   0   4   
  6 |4   0   0   0   0   0   2   0   0   0   0   0   4   
  7 |4   4   0   2   2   2   5   2   2   2   0   4   4   
  8 |4   0   0   0   0   0   2   0   0   0   0   0   4   
  9 |4   0   0   0   0   0   2   0   0   0   0   0   4   
 10 |0   0   0   0   0   0   2   0   0   0   0   0   0   
 11 |0   0   0   0   0   0   0   0   0   0   0   0   0   
 12 |0   0   0   0   0   0   4   0   0   0   0   0   0   
 13 |1   0   0   0   4   4   4   4   4   0   0   0   1   
_____________________________________________ 
     A   B   C   D   E   F   G   H   I   J   K   L   M
 
 
  1 |1   0   0   0   4   4   4   4   4   0   0   0   1   
  2 |0   0   0   0   0   0   4   0   0   0   0   0   0   
  3 |0   0   0   0   0   0   0   0   0   0   0   0   0   
  4 |0   0   0   0   0   0   2   0   0   0   0   0   0   
  5 |4   0   0   0   0   0   0   0   0   0   0   0   2   
  6 |4   0   0   0   0   0   2   0   0   0   0   0   4   
  7 |4   4   0   2   2   2   5   2   2   2   0   4   4   
  8 |4   0   0   0   0   0   2   0   0   0   0   0   4   
  9 |4   0   0   0   0   0   2   0   0   0   0   0   4   
 10 |0   0   0   0   0   0   2   0   0   0   0   0   0   
 11 |0   0   0   0   0   0   0   0   0   0   0   0   0   
 12 |0   0   0   0   0   0   4   0   0   0   0   0   0   
 13 |1   0   0   0   4   4   4   4   4   0   0   0   1   
_____________________________________________ 
     A   B   C   D   E   F   G   H   I   J   K   L   M
 
 
  1 |1   0   0   0   4   4   4   4   4   0   0   0   1   
  2 |0   0   0   0   0   0   4   0   0   0   0   0   0   
  3 |0   0   0   0   0   0   0   0   0   0   0   0   0   
  4 |0   0   0   0   0   0   2   0   0   0   0   0   0   
  5 |4   0   0   0   0   0   0   0   0   0   0   2   4   
  6 |4   0   0   0   0   0   2   0   0   0   0   0   4   
  7 |4   4   0   2   2   2   5   2   2   2   0   4   4   
  8 |4   0   0   0   0   0   2   0   0   0   0   0   4   
  9 |4   0   0   0   0   0   2   0   0   0   0   0   4   
 10 |0   0   0   0   0   0   2   0   0   0   0   0   0   
 11 |0   0   0   0   0   0   0   0   0   0   0   0   0   
 12 |0   0   0   0   0   0   4   0   0   0   0   0   0   
 13 |1   0   0   0   4   4   4   4   4   0   0   0   1   
_____________________________________________ 
     A   B   C   D   E   F   G   H   I   J   K   L   M
 
 
  1 |1   0   0   0   4   4   4   4   4   0   0   0   1   
  2 |0   0   0   0   0   0   4   0   0   0   0   0   0   
  3 |0   0   0   0   0   0   0   0   0   0   0   0   0   
  4 |0   0   0   0   0   0   2   0   0   0   0   0   0   
  5 |4   0   0   0   0   0   0   0   0   0   2   0   4   
  6 |4   0   0   0   0   0   2   0   0   0   0   0   4   
  7 |4   4   0   2   2   2   5   2   2   2   0   4   4   
  8 |4   0   0   0   0   0   2   0   0   0   0   0   4   
  9 |4   0   0   0   0   0   2   0   0   0   0   0   4   
 10 |0   0   0   0   0   0   2   0   0   0   0   0   0   
 11 |0   0   0   0   0   0   0   0   0   0   0   0   0   
 12 |0   0   0   0   0   0   4   0   0   0   0   0   0   
 13 |1   0   0   0   4   4   4   4   4   0   0   0   1   
_____________________________________________ 
     A   B   C   D   E   F   G   H   I   J   K   L   M
 
 
  1 |1   0   0   0   4   4   4   4   4   0   0   0   1   
  2 |0   0   0   0   0   0   4   0   0   0   0   0   0   
  3 |0   0   0   0   0   0   0   0   0   0   0   0   0   
  4 |0   0   0   0   0   0   2   0   0   0   0   0   0   
  5 |4   0   0   0   0   0   0   0   0   2   0   0   4   
  6 |4   0   0   0   0   0   2   0   0   0   0   0   4   
  7 |4   4   0   2   2   2   5   2   2   2   0   4   4   
  8 |4   0   0   0   0   0   2   0   0   0   0   0   4   
  9 |4   0   0   0   0   0   2   0   0   0   0   0   4   
 10 |0   0   0   0   0   0   2   0   0   0   0   0   0   
 11 |0   0   0   0   0   0   0   0   0   0   0   0   0   
 12 |0   0   0   0   0   0   4   0   0   0   0   0   0   
 13 |1   0   0   0   4   4   4   4   4   0   0   0   1   
_____________________________________________ 
     A   B   C   D   E   F   G   H   I   J   K   L   M
 
 
  1 |1   0   0   0   4   4   4   4   4   0   0   0   1   
  2 |0   0   0   0   0   0   4   0   0   0   0   0   0   
  3 |0   0   0   0   0   0   0   0   0   0   0   0   0   
  4 |0   0   0   0   0   0   2   0   0   0   0   0   0   
  5 |4   0   0   0   0   0   0   0   2   0   0   0   4   
  6 |4   0   0   0   0   0   2   0   0   0   0   0   4   
  7 |4   4   0   2   2   2   5   2   2   2   0   4   4   
  8 |4   0   0   0   0   0   2   0   0   0   0   0   4   
  9 |4   0   0   0   0   0   2   0   0   0   0   0   4   
 10 |0   0   0   0   0   0   2   0   0   0   0   0   0   
 11 |0   0   0   0   0   0   0   0   0   0   0   0   0   
 12 |0   0   0   0   0   0   4   0   0   0   0   0   0   
 13 |1   0   0   0   4   4   4   4   4   0   0   0   1   
_____________________________________________ 
     A   B   C   D   E   F   G   H   I   J   K   L   M
 
 
  1 |1   0   0   0   4   4   4   4   4   0   0   0   1   
  2 |0   0   0   0   0   0   4   0   0   0   0   0   0   
  3 |0   0   0   0   0   0   0   0   0   0   0   0   0   
  4 |0   0   0   0   0   0   2   0   0   0   0   0   0   
  5 |4   0   0   0   0   0   0   2   0   0   0   0   4   
  6 |4   0   0   0   0   0   2   0   0   0   0   0   4   
  7 |4   4   0   2   2   2   5   2   2   2   0   4   4   
  8 |4   0   0   0   0   0   2   0   0   0   0   0   4   
  9 |4   0   0   0   0   0   2   0   0   0   0   0   4   
 10 |0   0   0   0   0   0   2   0   0   0   0   0   0   
 11 |0   0   0   0   0   0   0   0   0   0   0   0   0   
 12 |0   0   0   0   0   0   4   0   0   0   0   0   0   
 13 |1   0   0   0   4   4   4   4   4   0   0   0   1   
_____________________________________________ 
     A   B   C   D   E   F   G   H   I   J   K   L   M
 
 
  1 |1   0   0   0   4   4   4   4   4   0   0   0   1   
  2 |0   0   0   0   0   0   4   0   0   0   0   0   0   
  3 |0   0   0   0   0   0   0   0   0   0   0   0   0   
  4 |0   0   0   0   0   0   2   0   0   0   0   0   0   
  5 |4   0   0   0   0   2   0   0   0   0   0   0   4   
  6 |4   0   0   0   0   0   2   0   0   0   0   0   4   
  7 |4   4   0   2   2   2   5   2   2   2   0   4   4   
  8 |4   0   0   0   0   0   2   0   0   0   0   0   4   
  9 |4   0   0   0   0   0   2   0   0   0   0   0   4   
 10 |0   0   0   0   0   0   2   0   0   0   0   0   0   
 11 |0   0   0   0   0   0   0   0   0   0   0   0   0   
 12 |0   0   0   0   0   0   4   0   0   0   0   0   0   
 13 |1   0   0   0   4   4   4   4   4   0   0   0   1   
_____________________________________________ 
     A   B   C   D   E   F   G   H   I   J   K   L   M
 
 
  1 |1   0   0   0   4   4   4   4   4   0   0   0   1   
  2 |0   0   0   0   0   0   4   0   0   0   0   0   0   
  3 |0   0   0   0   0   0   0   0   0   0   0   0   0   
  4 |0   0   0   0   2   0   0   0   0   0   0   0   0   
  5 |4   0   0   0   0   0   2   0   0   0   0   0   4   
  6 |4   0   0   0   0   0   2   0   0   0   0   0   4   
  7 |4   4   0   2   2   2   5   2   2   2   0   4   4   
  8 |4   0   0   0   0   0   2   0   0   0   0   0   4   
  9 |4   0   0   0   0   0   2   0   0   0   0   0   4   
 10 |0   0   0   0   0   0   2   0   0   0   0   0   0   
 11 |0   0   0   0   0   0   0   0   0   0   0   0   0   
 12 |0   0   0   0   0   0   4   0   0   0   0   0   0   
 13 |1   0   0   0   4   4   4   4   4   0   0   0   1   
_____________________________________________ 
     A   B   C   D   E   F   G   H   I   J   K   L   M
 
 
  1 |1   0   0   0   4   4   4   4   4   0   0   0   1   
  2 |0   0   0   0   0   0   4   0   0   0   0   0   0   
  3 |0   0   0   0   0   0   0   0   0   0   0   0   0   
  4 |0   0   2   0   0   0   0   0   0   0   0   0   0   
  5 |4   0   0   0   0   0   2   0   0   0   0   0   4   
  6 |4   0   0   0   0   0   2   0   0   0   0   0   4   
  7 |4   4   0   2   2   2   5   2   2   2   0   4   4   
  8 |4   0   0   0   0   0   2   0   0   0   0   0   4   
  9 |4   0   0   0   0   0   2   0   0   0   0   0   4   
 10 |0   0   0   0   0   0   2   0   0   0   0   0   0   
 11 |0   0   0   0   0   0   0   0   0   0   0   0   0   
 12 |0   0   0   0   0   0   4   0   0   0   0   0   0   
 13 |1   0   0   0   4   4   4   4   4   0   0   0   1   
_____________________________________________ 
     A   B   C   D   E   F   G   H   I   J   K   L   M
 
 
  1 |1   0   0   0   4   4   4   4   4   0   0   0   1   
  2 |0   0   0   0   0   0   4   0   0   0   0   0   0   
  3 |0   0   0   0   0   0   0   0   0   0   0   0   0   
  4 |0   0   0   0   0   0   0   0   0   0   0   0   2   
  5 |4   0   0   0   0   0   2   0   0   0   0   0   4   
  6 |4   0   0   0   0   0   2   0   0   0   0   0   4   
  7 |4   4   0   2   2   2   5   2   2   2   0   4   4   
  8 |4   0   0   0   0   0   2   0   0   0   0   0   4   
  9 |4   0   0   0   0   0   2   0   0   0   0   0   4   
 10 |0   0   0   0   0   0   2   0   0   0   0   0   0   
 11 |0   0   0   0   0   0   0   0   0   0   0   0   0   
 12 |0   0   0   0   0   0   4   0   0   0   0   0   0   
 13 |1   0   0   0   4   4   4   4   4   0   0   0   1   
_____________________________________________ 
     A   B   C   D   E   F   G   H   I   J   K   L   M
 
 
  1 |1   0   0   0   4   4   4   4   4   0   0   0   1   
  2 |0   0   0   0   0   0   4   0   0   0   0   0   0   
  3 |0   0   0   0   0   0   0   0   0   0   0   0   0   
  4 |0   0   0   0   0   0   0   0   0   0   0   2   0   
  5 |4   0   0   0   0   0   2   0   0   0   0   0   4   
  6 |4   0   0   0   0   0   2   0   0   0   0   0   4   
  7 |4   4   0   2   2   2   5   2   2   2   0   4   4   
  8 |4   0   0   0   0   0   2   0   0   0   0   0   4   
  9 |4   0   0   0   0   0   2   0   0   0   0   0   4   
 10 |0   0   0   0   0   0   2   0   0   0   0   0   0   
 11 |0   0   0   0   0   0   0   0   0   0   0   0   0   
 12 |0   0   0   0   0   0   4   0   0   0   0   0   0   
 13 |1   0   0   0   4   4   4   4   4   0   0   0   1   
_____________________________________________ 
     A   B   C   D   E   F   G   H   I   J   K   L   M
 
 
  1 |1   0   0   0   4   4   4   4   4   0   0   0   1   
  2 |0   0   0   0   0   0   4   0   0   0   0   0   0   
  3 |0   0   0   0   0   0   0   0   0   0   0   0   0   
  4 |0   0   0   0   0   0   0   0   0   0   2   0   0   
  5 |4   0   0   0   0   0   2   0   0   0   0   0   4   
  6 |4   0   0   0   0   0   2   0   0   0   0   0   4   
  7 |4   4   0   2   2   2   5   2   2   2   0   4   4   
  8 |4   0   0   0   0   0   2   0   0   0   0   0   4   
  9 |4   0   0   0   0   0   2   0   0   0   0   0   4   
 10 |0   0   0   0   0   0   2   0   0   0   0   0   0   
 11 |0   0   0   0   0   0   0   0   0   0   0   0   0   
 12 |0   0   0   0   0   0   4   0   0   0   0   0   0   
 13 |1   0   0   0   4   4   4   4   4   0   0   0   1   
_____________________________________________ 
     A   B   C   D   E   F   G   H   I   J   K   L   M
 
 
  1 |1   0   0   0   4   4   4   4   4   0   0   0   1   
  2 |0   0   0   0   0   0   4   0   0   0   0   0   0   
  3 |0   0   0   0   0   0   0   0   0   0   0   0   0   
  4 |0   0   0   0   0   0   0   0   0   2   0   0   0   
  5 |4   0   0   0   0   0   2   0   0   0   0   0   4   
  6 |4   0   0   0   0   0   2   0   0   0   0   0   4   
  7 |4   4   0   2   2   2   5   2   2   2   0   4   4   
  8 |4   0   0   0   0   0   2   0   0   0   0   0   4   
  9 |4   0   0   0   0   0   2   0   0   0   0   0   4   
 10 |0   0   0   0   0   0   2   0   0   0   0   0   0   
 11 |0   0   0   0   0   0   0   0   0   0   0   0   0   
 12 |0   0   0   0   0   0   4   0   0   0   0   0   0   
 13 |1   0   0   0   4   4   4   4   4   0   0   0   1   
_____________________________________________ 
     A   B   C   D   E   F   G   H   I   J   K   L   M
 
 
  1 |1   0   0   0   4   4   4   4   4   0   0   0   1   
  2 |0   0   0   0   0   0   4   0   0   0   0   0   0   
  3 |0   0   0   0   0   0   0   0   0   0   0   0   0   
  4 |0   0   0   0   0   0   0   0   2   0   0   0   0   
  5 |4   0   0   0   0   0   2   0   0   0   0   0   4   
  6 |4   0   0   0   0   0   2   0   0   0   0   0   4   
  7 |4   4   0   2   2   2   5   2   2   2   0   4   4   
  8 |4   0   0   0   0   0   2   0   0   0   0   0   4   
  9 |4   0   0   0   0   0   2   0   0   0   0   0   4   
 10 |0   0   0   0   0   0   2   0   0   0   0   0   0   
 11 |0   0   0   0   0   0   0   0   0   0   0   0   0   
 12 |0   0   0   0   0   0   4   0   0   0   0   0   0   
 13 |1   0   0   0   4   4   4   4   4   0   0   0   1   
_____________________________________________ 
     A   B   C   D   E   F   G   H   I   J   K   L   M
 
 
  1 |1   0   0   0   4   4   4   4   4   0   0   0   1   
  2 |0   0   0   0   0   0   4   0   0   0   0   0   0   
  3 |0   0   0   0   0   0   0   0   0   0   0   0   0   
  4 |0   0   0   0   0   0   0   2   0   0   0   0   0   
  5 |4   0   0   0   0   0   2   0   0   0   0   0   4   
  6 |4   0   0   0   0   0   2   0   0   0   0   0   4   
  7 |4   4   0   2   2   2   5   2   2   2   0   4   4   
  8 |4   0   0   0   0   0   2   0   0   0   0   0   4   
  9 |4   0   0   0   0   0   2   0   0   0   0   0   4   
 10 |0   0   0   0   0   0   2   0   0   0   0   0   0   
 11 |0   0   0   0   0   0   0   0   0   0   0   0   0   
 12 |0   0   0   0   0   0   4   0   0   0   0   0   0   
 13 |1   0   0   0   4   4   4   4   4   0   0   0   1   
_____________________________________________ 
     A   B   C   D   E   F   G   H   I   J   K   L   M
 
 
  1 |1   0   0   0   4   4   4   4   4   0   0   0   1   
  2 |0   0   0   0   0   0   4   0   0   0   0   0   0   
  3 |0   0   0   0   0   0   0   0   0   0   0   0   0   
  4 |0   0   0   0   0   2   0   0   0   0   0   0   0   
  5 |4   0   0   0   0   0   2   0   0   0   0   0   4   
  6 |4   0   0   0   0   0   2   0   0   0   0   0   4   
  7 |4   4   0   2   2   2   5   2   2   2   0   4   4   
  8 |4   0   0   0   0   0   2   0   0   0   0   0   4   
  9 |4   0   0   0   0   0   2   0   0   0   0   0   4   
 10 |0   0   0   0   0   0   2   0   0   0   0   0   0   
 11 |0   0   0   0   0   0   0   0   0   0   0   0   0   
 12 |0   0   0   0   0   0   4   0   0   0   0   0   0   
 13 |1   0   0   0   4   4   4   4   4   0   0   0   1   
_____________________________________________ 
     A   B   C   D   E   F   G   H   I   J   K   L   M
 
 
  1 |1   0   0   0   4   4   4   4   4   0   0   0   1   
  2 |0   0   0   0   0   0   4   0   0   0   0   0   0   
  3 |0   0   0   0   0   0   0   0   0   0   0   0   0   
  4 |0   0   0   0   0   0   2   0   0   0   0   0   0   
  5 |4   0   0   0   0   0   2   0   0   0   0   0   4   
  6 |4   0   0   0   0   0   2   0   0   0   0   0   4   
  7 |4   4   0   2   2   0   5   2   2   2   0   4   2   
  8 |4   0   0   0   0   0   2   0   0   0   0   0   4   
  9 |4   0   0   0   0   0   2   0   0   0   0   0   4   
 10 |0   0   0   0   0   0   2   0   0   0   0   0   0   
 11 |0   0   0   0   0   0   0   0   0   0   0   0   0   
 12 |0   0   0   0   0   0   4   0   0   0   0   0   0   
 13 |1   0   0   0   4   4   4   4   4   0   0   0   1   
_____________________________________________ 
     A   B   C   D   E   F   G   H   I   J   K   L   M
 
 
  1 |1   0   0   0   4   4   4   4   4   0   0   0   1   
  2 |0   0   0   0   0   0   4   0   0   0   0   0   0   
  3 |0   0   0   0   0   0   0   0   0   0   0   0   0   
  4 |0   0   0   0   0   0   2   0   0   0   0   0   0   
  5 |4   0   0   0   0   0   2   0   0   0   0   0   4   
  6 |4   0   0   0   0   0   2   0   0   0   0   0   4   
  7 |4   4   0   2   2   0   5   2   2   2   0   2   4   
  8 |4   0   0   0   0   0   2   0   0   0   0   0   4   
  9 |4   0   0   0   0   0   2   0   0   0   0   0   4   
 10 |0   0   0   0   0   0   2   0   0   0   0   0   0   
 11 |0   0   0   0   0   0   0   0   0   0   0   0   0   
 12 |0   0   0   0   0   0   4   0   0   0   0   0   0   
 13 |1   0   0   0   4   4   4   4   4   0   0   0   1   
_____________________________________________ 
     A   B   C   D   E   F   G   H   I   J   K   L   M
 
 
  1 |1   0   0   0   4   4   4   4   4   0   0   0   1   
  2 |0   0   0   0   0   0   4   0   0   0   0   0   0   
  3 |0   0   0   0   0   0   0   0   0   0   0   0   0   
  4 |0   0   0   0   0   0   2   0   0   0   0   0   0   
  5 |4   0   0   0   0   0   2   0   0   0   0   0   4   
  6 |4   0   0   0   0   0   2   0   0   0   0   0   4   
  7 |4   4   0   2   2   0   5   2   2   2   2   4   4   
  8 |4   0   0   0   0   0   2   0   0   0   0   0   4   
  9 |4   0   0   0   0   0   2   0   0   0   0   0   4   
 10 |0   0   0   0   0   0   2   0   0   0   0   0   0   
 11 |0   0   0   0   0   0   0   0   0   0   0   0   0   
 12 |0   0   0   0   0   0   4   0   0   0   0   0   0   
 13 |1   0   0   0   4   4   4   4   4   0   0   0   1   
_____________________________________________ 
     A   B   C   D   E   F   G   H   I   J   K   L   M
 
 
  1 |1   0   0   0   4   4   4   4   4   0   0   0   1   
  2 |0   0   0   0   0   0   4   0   0   0   0   0   0   
  3 |0   0   0   0   0   0   0   0   0   0   0   0   0   
  4 |0   0   0   0   0   0   2   0   0   0   0   0   0   
  5 |4   0   0   0   0   0   2   0   0   0   0   0   4   
  6 |4   0   0   0   0   0   2   0   0   0   0   0   4   
  7 |4   4   0   2   2   0   5   2   2   2   0   4   4   
  8 |4   0   0   0   0   0   2   0   0   0   0   0   4   
  9 |4   0   0   0   0   0   2   0   0   0   0   0   4   
 10 |0   0   0   0   0   0   2   0   0   0   0   0   0   
 11 |0   0   0   0   0   0   0   0   0   0   0   0   0   
 12 |0   0   0   0   0   0   4   0   0   0   0   0   0   
 13 |1   0   0   0   4   4   4   4   4   0   0   0   1   
_____________________________________________ 
     A   B   C   D   E   F   G   H   I   J   K   L   M
 
 
  1 |1   0   0   0   4   4   4   4   4   0   0   0   1   
  2 |0   0   0   0   0   0   4   0   0   0   0   0   0   
  3 |0   0   0   0   0   0   0   0   0   0   0   0   0   
  4 |0   0   0   0   0   0   2   0   0   0   0   0   0   
  5 |4   0   0   0   0   0   2   0   0   0   0   0   4   
  6 |4   0   0   0   0   0   2   0   0   0   0   0   4   
  7 |4   4   0   2   2   0   5   2   2   2   0   4   4   
  8 |4   0   0   0   0   0   2   0   0   0   0   0   4   
  9 |4   0   0   0   0   0   2   0   0   0   0   0   4   
 10 |0   0   0   0   0   0   2   0   0   0   0   0   0   
 11 |0   0   0   0   0   0   0   0   0   0   0   0   0   
 12 |0   0   0   0   0   0   4   0   0   0   0   0   0   
 13 |1   0   0   0   4   4   4   4   4   0   0   0   1   
_____________________________________________ 
     A   B   C   D   E   F   G   H   I   J   K   L   M
 
 
  1 |1   0   0   0   4   4   4   4   4   0   0   0   1   
  2 |0   0   0   0   0   0   4   0   0   0   0   0   0   
  3 |0   0   0   0   0   0   0   0   0   0   0   0   0   
  4 |0   0   0   0   0   0   2   0   0   0   0   0   0   
  5 |4   0   0   0   0   0   2   0   0   0   0   0   4   
  6 |4   0   0   0   0   0   2   0   0   0   0   0   4   
  7 |4   4   0   2   2   0   5   2   2   2   0   4   4   
  8 |4   0   0   0   0   0   2   0   0   0   0   0   4   
  9 |4   0   0   0   0   0   2   0   0   0   0   0   4   
 10 |0   0   0   0   0   0   2   0   0   0   0   0   0   
 11 |0   0   0   0   0   0   0   0   0   0   0   0   0   
 12 |0   0   0   0   0   0   4   0   0   0   0   0   0   
 13 |1   0   0   0   4   4   4   4   4   0   0   0   1   
_____________________________________________ 
     A   B   C   D   E   F   G   H   I   J   K   L   M
 
 
  1 |1   0   0   0   4   4   4   4   4   0   0   0   1   
  2 |0   0   0   0   0   0   4   0   0   0   0   0   0   
  3 |0   0   0   0   0   0   0   0   0   0   0   0   0   
  4 |0   0   0   0   0   0   2   0   0   0   0   0   0   
  5 |4   0   0   0   0   0   2   0   0   0   0   0   4   
  6 |4   0   0   0   0   0   2   0   0   0   0   0   4   
  7 |4   4   0   2   2   2   5   2   2   2   0   4   4   
  8 |4   0   0   0   0   0   2   0   0   0   0   0   4   
  9 |4   0   0   0   0   0   2   0   0   0   0   0   4   
 10 |0   0   0   0   0   0   2   0   0   0   0   0   0   
 11 |0   0   0   0   0   0   0   0   0   0   0   0   0   
 12 |0   0   0   0   0   0   4   0   0   0   0   0   0   
 13 |1   0   0   0   4   4   4   4   4   0   0   0   1   
_____________________________________________ 
     A   B   C   D   E   F   G   H   I   J   K   L   M
 
 
  1 |1   0   0   0   4   4   4   4   4   0   0   0   1   
  2 |0   0   0   0   0   0   4   0   0   0   0   0   0   
  3 |0   0   0   0   0   0   0   0   0   0   0   0   0   
  4 |0   0   0   0   0   0   2   0   0   0   0   0   0   
  5 |4   0   0   0   0   0   2   0   0   0   0   0   4   
  6 |4   0   0   0   0   0   2   0   0   0   0   0   4   
  7 |4   4   0   2   2   0   2   2   2   2   0   4   4   
  8 |4   0   0   0   0   0   2   0   0   0   0   0   4   
  9 |4   0   0   0   0   0   2   0   0   0   0   0   4   
 10 |0   0   0   0   0   0   2   0   0   0   0   0   0   
 11 |0   0   0   0   0   0   0   0   0   0   0   0   0   
 12 |0   0   0   0   0   0   4   0   0   0   0   0   0   
 13 |1   0   0   0   4   4   4   4   4   0   0   0   1   
_____________________________________________ 
     A   B   C   D   E   F   G   H   I   J   K   L   M
 
 
  1 |1   0   0   0   4   4   4   4   4   0   0   0   1   
  2 |0   0   0   0   0   0   4   0   0   0   0   0   0   
  3 |0   0   0   0   0   0   0   0   0   0   0   0   0   
  4 |0   0   0   0   0   0   2   0   0   0   0   0   0   
  5 |4   0   0   0   0   0   2   0   0   0   0   0   4   
  6 |4   0   0   0   0   0   2   0   0   0   0   0   4   
  7 |4   4   0   2   2   0   5   2   2   2   0   4   4   
  8 |4   0   0   0   0   0   2   0   0   0   0   0   4   
  9 |4   0   0   0   0   0   2   0   0   0   0   0   4   
 10 |0   0   0   0   0   0   2   0   0   0   0   0   0   
 11 |0   0   0   0   0   0   0   0   0   0   0   0   0   
 12 |0   0   0   0   0   0   4   0   0   0   0   0   0   
 13 |1   0   0   0   4   4   4   4   4   0   0   0   1   
_____________________________________________ 
     A   B   C   D   E   F   G   H   I   J   K   L   M
 
 
  1 |1   0   0   0   4   4   4   4   4   0   0   0   1   
  2 |0   0   0   0   0   0   4   0   0   0   0   0   0   
  3 |0   0   0   0   0   0   0   0   0   0   0   0   0   
  4 |0   0   0   0   0   0   2   0   0   0   0   0   0   
  5 |4   0   0   0   0   0   2   0   0   0   0   0   4   
  6 |4   0   0   0   0   0   2   0   0   0   0   0   4   
  7 |4   4   0   2   0   2   5   2   2   2   0   4   2   
  8 |4   0   0   0   0   0   2   0   0   0   0   0   4   
  9 |4   0   0   0   0   0   2   0   0   0   0   0   4   
 10 |0   0   0   0   0   0   2   0   0   0   0   0   0   
 11 |0   0   0   0   0   0   0   0   0   0   0   0   0   
 12 |0   0   0   0   0   0   4   0   0   0   0   0   0   
 13 |1   0   0   0   4   4   4   4   4   0   0   0   1   
_____________________________________________ 
     A   B   C   D   E   F   G   H   I   J   K   L   M
 
 
  1 |1   0   0   0   4   4   4   4   4   0   0   0   1   
  2 |0   0   0   0   0   0   4   0   0   0   0   0   0   
  3 |0   0   0   0   0   0   0   0   0   0   0   0   0   
  4 |0   0   0   0   0   0   2   0   0   0   0   0   0   
  5 |4   0   0   0   0   0   2   0   0   0   0   0   4   
  6 |4   0   0   0   0   0   2   0   0   0   0   0   4   
  7 |4   4   0   2   0   2   5   2   2   2   0   2   4   
  8 |4   0   0   0   0   0   2   0   0   0   0   0   4   
  9 |4   0   0   0   0   0   2   0   0   0   0   0   4   
 10 |0   0   0   0   0   0   2   0   0   0   0   0   0   
 11 |0   0   0   0   0   0   0   0   0   0   0   0   0   
 12 |0   0   0   0   0   0   4   0   0   0   0   0   0   
 13 |1   0   0   0   4   4   4   4   4   0   0   0   1   
_____________________________________________ 
     A   B   C   D   E   F   G   H   I   J   K   L   M
 
 
  1 |1   0   0   0   4   4   4   4   4   0   0   0   1   
  2 |0   0   0   0   0   0   4   0   0   0   0   0   0   
  3 |0   0   0   0   0   0   0   0   0   0   0   0   0   
  4 |0   0   0   0   0   0   2   0   0   0   0   0   0   
  5 |4   0   0   0   0   0   2   0   0   0   0   0   4   
  6 |4   0   0   0   0   0   2   0   0   0   0   0   4   
  7 |4   4   0   2   0   2   5   2   2   2   2   4   4   
  8 |4   0   0   0   0   0   2   0   0   0   0   0   4   
  9 |4   0   0   0   0   0   2   0   0   0   0   0   4   
 10 |0   0   0   0   0   0   2   0   0   0   0   0   0   
 11 |0   0   0   0   0   0   0   0   0   0   0   0   0   
 12 |0   0   0   0   0   0   4   0   0   0   0   0   0   
 13 |1   0   0   0   4   4   4   4   4   0   0   0   1   
_____________________________________________ 
     A   B   C   D   E   F   G   H   I   J   K   L   M
 
 
  1 |1   0   0   0   4   4   4   4   4   0   0   0   1   
  2 |0   0   0   0   0   0   4   0   0   0   0   0   0   
  3 |0   0   0   0   0   0   0   0   0   0   0   0   0   
  4 |0   0   0   0   0   0   2   0   0   0   0